#{"t_start": 1670514215.1804895, "env_id": null}
r,l,t,done_reason,is_success
-1.04885,201,853.185553,0,0
-0.887906,201,856.613902,0,0
-0.097153,201,860.053586,0,0
1.103093,201,863.512023,0,0
-1.45362,201,866.910416,0,0
-0.346866,201,870.320919,0,0
0.639657,201,873.767931,0,0
-10.25,1,873.86053,1,0
-11.567777,95,875.629788,1,0
-0.348565,201,879.033209,0,0
-0.923261,201,882.456495,0,0
-0.981908,201,885.871783,0,0
0.43668,201,889.291731,0,0
-0.78453,201,892.70138,0,0
-0.754941,201,896.141044,0,0
-1.062498,201,899.572244,0,0
-0.115247,201,903.017294,0,0
0.070349,201,906.462293,0,0
18.273933,54,907.430931,2,1
-0.757467,201,910.816918,0,0
0.70854,201,914.246525,0,0
-1.076619,201,917.637835,0,0
-0.214936,201,921.055336,0,0
-0.550435,201,924.450727,0,0
0.098901,201,927.89737,0,0
-0.061834,201,931.310008,0,0
0.010359,201,934.738751,0,0
-0.821738,201,938.165776,0,0
0.264058,201,941.577051,0,0
-1.252111,201,944.992033,0,0
-1.019069,201,948.411346,0,0
-10.25,1,948.507765,1,0
18.99456,182,951.61342,2,1
-0.033984,201,955.049225,0,0
17.554578,44,955.864577,2,1
-0.063708,201,959.29718,0,0
-10.25,1,959.382191,1,0
-0.513765,201,962.818307,0,0
-0.983564,201,966.22333,0,0
-13.132523,53,967.211319,1,0
-49.025459,201,970.662503,0,0
-0.820459,201,974.068965,0,0
0.368722,201,977.492436,0,0
-1.887634,201,980.965268,0,0
0.090511,201,984.400687,0,0
-0.13388,201,987.900712,0,0
-2.360667,201,991.328662,0,0
0.160124,201,994.764959,0,0
-0.015359,201,998.202679,0,0
0.466926,201,1001.706078,0,0
-10.2275,8,1001.919758,1,0
-0.838758,201,1005.345877,0,0
0.077531,201,1008.797362,0,0
-2.752603,201,1012.240078,0,0
-0.477713,201,1015.678221,0,0
-0.221876,201,1019.135895,0,0
-0.230335,201,1022.567146,0,0
-2.881628,201,1026.09817,0,0
0.468316,201,1029.50206,0,0
0.470141,201,1032.901132,0,0
-1.128811,201,1036.291681,0,0
-0.195495,201,1039.741687,0,0
-10.25,1,1039.833962,1,0
-10.776202,3,1039.965207,1,0
1.263792,201,1043.357705,0,0
-1.42841,201,1046.786604,0,0
0.786448,201,1050.201921,0,0
-2.142842,201,1053.622584,0,0
-2.803077,201,1057.057921,0,0
0.858219,201,1060.448649,0,0
-2.264362,201,1063.871328,0,0
0.889119,201,1067.295216,0,0
-2.040481,201,1070.696864,0,0
-0.732231,201,1074.078789,0,0
-10.734048,17,1074.440346,1,0
-0.675969,201,1077.901839,0,0
-0.532929,201,1081.320705,0,0
0.071542,201,1084.714205,0,0
0.20159,201,1088.101425,0,0
-2.488748,201,1091.513642,0,0
-0.362265,201,1094.928006,0,0
-0.674899,201,1098.341117,0,0
-3.239728,201,1101.79297,0,0
-0.915102,201,1105.193431,0,0
17.737057,19,1105.591203,2,1
-0.45781,201,1109.005088,0,0
-3.336958,201,1112.455136,0,0
-0.108481,201,1115.901909,0,0
0.494677,201,1119.346155,0,0
0.226579,201,1122.741214,0,0
-0.335376,201,1126.180535,0,0
17.5,1,1126.279705,2,1
-1.511648,201,1129.696092,0,0
0.277205,201,1133.103104,0,0
-1.507953,201,1136.535223,0,0
0.008328,201,1140.056245,0,0
0.539431,201,1143.470171,0,0
-0.456098,201,1146.894023,0,0
-1.041952,201,1150.326425,0,0
-0.317738,201,1153.740938,0,0
-1.659305,201,1963.358855,0,0
-10.25,1,1963.443751,1,0
-10.72823,16,1963.807881,1,0
-0.166242,201,1967.248632,0,0
-0.698537,201,1970.686025,0,0
-0.084157,201,1974.086038,0,0
17.5,1,1974.165055,2,1
-0.537068,201,1977.590312,0,0
-0.43505,201,1981.021967,0,0
-10.25,1,1981.115502,1,0
0.254181,201,1984.503125,0,0
0.650364,201,1987.902232,0,0
-42.230802,201,1991.341808,0,0
1.198582,201,1994.752669,0,0
-0.355981,201,1998.176654,0,0
2.14783,201,2001.584296,0,0
-0.226183,201,2005.010897,0,0
2.074872,201,2008.41442,0,0
0.123498,201,2011.833823,0,0
0.036059,201,2015.260691,0,0
0.13241,201,2018.642139,0,0
-0.948613,201,2022.091219,0,0
0.094635,201,2025.488092,0,0
17.635715,41,2026.239608,2,1
-0.827787,201,2029.627955,0,0
-0.778417,201,2033.067176,0,0
0.474546,201,2036.521653,0,0
1.280952,201,2039.925864,0,0
-0.849432,201,2043.357632,0,0
-2.260212,201,2046.779802,0,0
0.306005,201,2050.201047,0,0
-0.555171,201,2053.718502,0,0
-0.11155,201,2057.135398,0,0
0.0508,201,2060.569966,0,0
-10.25,1,2060.671984,1,0
0.937394,201,2064.117636,0,0
-0.043743,201,2067.52272,0,0
-0.414229,201,2070.937565,0,0
-0.991966,201,2074.340217,0,0
-0.122947,201,2077.745519,0,0
-1.434369,201,2081.137582,0,0
1.133819,201,2084.545485,0,0
-6.471515,201,2087.975061,0,0
-0.358867,201,2091.409223,0,0
-10.407836,2,2091.525615,1,0
-0.85774,201,2094.964255,0,0
-2.879648,201,2098.384164,0,0
-4.25783,201,2101.840303,0,0
18.397396,69,2103.043633,2,1
-0.873576,201,2106.464365,0,0
19.386077,175,2109.46751,2,1
0.593302,201,2112.923064,0,0
-1.274973,201,2116.347206,0,0
-0.763915,201,2119.786848,0,0
18.105324,74,2121.085709,2,1
1.204068,201,2124.531024,0,0
0.26735,201,2127.977491,0,0
0.37299,201,2131.411474,0,0
-1.764159,201,2134.841343,0,0
-2.681857,201,2138.250285,0,0
-0.153209,201,2141.68722,0,0
-3.430118,201,2145.114246,0,0
-0.017023,201,2148.534336,0,0
-0.57537,201,2151.992555,0,0
-0.099145,201,2155.455201,0,0
-1.065623,201,2158.857067,0,0
0.18237,201,2162.320832,0,0
-0.628847,201,2165.756889,0,0
-1.659517,201,2169.1814,0,0
-2.435978,201,2172.596284,0,0
-1.246819,201,2176.002997,0,0
1.089619,201,2179.427307,0,0
0.128498,201,2182.869903,0,0
0.473687,201,2186.294093,0,0
1.364807,201,2189.722354,0,0
-2.386225,201,2193.152633,0,0
-0.899,201,2196.551395,0,0
0.628382,201,2200.003594,0,0
0.776118,201,2203.430886,0,0
-3.542739,201,2206.847289,0,0
-0.911651,201,2210.288614,0,0
0.012085,201,2213.800847,0,0
17.158012,73,2215.093611,2,1
-0.055947,201,2218.510661,0,0
-1.457099,201,2221.930606,0,0
-0.137946,201,2225.354942,0,0
-0.165949,201,2228.772987,0,0
0.473782,201,2232.183008,0,0
-0.658577,201,2235.614023,0,0
-1.632334,201,2239.051099,0,0
-1.074046,201,2242.452182,0,0
-0.290217,201,2245.877804,0,0
19.120501,172,2248.822123,2,1
-1.870135,201,2252.231929,0,0
-6.27548,201,2255.677622,0,0
-9.987305,31,2256.285428,1,0
-1.356577,201,2259.708971,0,0
-0.375003,201,2263.132775,0,0
17.95188,38,2263.824883,2,1
18.843221,121,2265.933221,2,1
0.179189,201,3070.82899,0,0
-39.290758,201,3074.24531,0,0
-0.439054,201,3077.641192,0,0
-10.25,1,3077.734617,1,0
17.5,1,3077.817238,2,1
0.392432,201,3081.260347,0,0
-0.248817,201,3084.707175,0,0
-0.473844,201,3088.132286,0,0
0.157846,201,3091.50144,0,0
0.647828,201,3094.937914,0,0
1.559329,201,3098.348824,0,0
0.12966,201,3101.802112,0,0
19.058264,85,3103.293571,2,1
0.435272,201,3106.734161,0,0
-0.461588,201,3110.144664,0,0
-0.124464,201,3113.545162,0,0
-2.529486,201,3117.006968,0,0
17.578357,49,3117.892879,2,1
-0.707166,201,3121.318934,0,0
1.541907,201,3124.735217,0,0
-0.112304,201,3128.165973,0,0
-1.508888,201,3131.598572,0,0
-10.872694,6,3131.873653,1,0
-0.354329,201,3135.311694,0,0
-1.032926,201,3138.762641,0,0
0.054485,201,3142.185993,0,0
0.312506,201,3145.697311,0,0
0.106664,201,3149.154151,0,0
-0.852878,201,3152.603148,0,0
-1.556955,201,3156.01799,0,0
-0.932649,201,3159.44449,0,0
0.064002,201,3162.857083,0,0
0.846191,201,3166.263622,0,0
18.358429,36,3166.937494,2,1
0.769945,201,3170.401947,0,0
0.02104,201,3173.799485,0,0
17.809945,27,3174.316341,2,1
-4.184818,201,3177.760513,0,0
17.981278,91,3179.335931,2,1
-0.019717,201,3182.777246,0,0
-1.461268,201,3186.173172,0,0
0.053487,201,3189.611227,0,0
-0.28052,201,3193.008537,0,0
0.012653,201,3196.436601,0,0
-0.067888,201,3199.862712,0,0
17.928086,46,3200.727501,2,1
17.961953,59,3201.793122,2,1
-0.080741,201,3205.219136,0,0
0.143924,201,3208.635809,0,0
-0.328018,201,3212.038702,0,0
0.005289,201,3215.46887,0,0
-0.520473,201,3218.8845,0,0
-0.12827,201,3222.312809,0,0
-0.279815,201,3225.772428,0,0
-0.894452,201,3229.184125,0,0
0.067268,201,3232.585168,0,0
-0.147964,201,3236.013092,0,0
18.044405,26,3236.525279,2,1
1.156688,201,3239.927665,0,0
-1.016991,201,3243.357042,0,0
-0.569622,201,3246.753086,0,0
-0.014809,201,3250.173775,0,0
-0.727334,201,3253.57222,0,0
-0.14935,201,3256.997508,0,0
-0.686588,201,3260.418027,0,0
-0.318362,201,3263.843607,0,0
-0.219658,201,3267.254942,0,0
18.399673,47,3268.106224,2,1
0.241578,201,3271.547044,0,0
18.352782,63,3272.676308,2,1
-0.256982,201,3276.122567,0,0
-10.25,1,3276.219171,1,0
-0.225269,201,3279.624782,0,0
0.052187,201,3283.045524,0,0
0.565069,201,3286.485553,0,0
-0.233515,201,3289.916975,0,0
0.219312,201,3293.320118,0,0
18.305619,100,3295.056628,2,1
0.07805,201,3298.480612,0,0
-10.25,1,3298.662956,1,0
0.746479,201,3302.085328,0,0
-0.717727,201,3305.476111,0,0
-2.326949,201,3308.907934,0,0
-0.388973,201,3312.332447,0,0
-0.441703,201,3315.747273,0,0
0.771155,201,3319.189186,0,0
1.258419,201,3322.575299,0,0
-0.773799,201,3326.016293,0,0
1.201792,201,3329.444162,0,0
19.154106,114,3331.433743,2,1
-10.25,1,3331.534206,1,0
-0.273887,201,3334.93666,0,0
0.130511,201,3338.328786,0,0
-1.080472,201,3341.80587,0,0
0.412331,201,3345.244462,0,0
-0.490405,201,3348.666712,0,0
-0.647031,201,3352.077878,0,0
-0.249735,201,3355.539854,0,0
-0.267917,201,3358.969216,0,0
1.422529,201,3362.425672,0,0
-1.127571,201,4167.959249,0,0
-0.381815,201,4171.381643,0,0
18.903942,135,4173.706024,2,1
-0.051535,201,4177.121975,0,0
-0.016481,201,4180.547419,0,0
18.095958,28,4181.098311,2,1
-0.169906,201,4184.499896,0,0
18.1879,67,4185.712202,2,1
-10.755132,4,4185.865179,1,0
-0.757166,201,4189.269256,0,0
-0.449441,201,4192.701526,0,0
-0.857654,201,4196.161484,0,0
-0.049862,201,4199.57265,0,0
0.675028,201,4203.041824,0,0
1.057103,201,4206.475166,0,0
-0.723377,201,4209.874685,0,0
-0.332193,201,4213.282959,0,0
0.213727,201,4216.741601,0,0
-0.52029,201,4220.172686,0,0
0.35918,201,4223.611959,0,0
18.735328,135,4225.931885,2,1
0.046355,201,4229.340328,0,0
-0.085989,201,4232.862972,0,0
-10.563748,3,4232.992359,1,0
19.674662,138,4235.362746,2,1
0.395259,201,4238.814699,0,0
-0.068553,201,4242.233145,0,0
0.438107,201,4245.622346,0,0
-0.062937,201,4249.041035,0,0
0.015971,201,4252.435915,0,0
-10.25,1,4252.532809,1,0
17.904312,30,4253.124402,2,1
0.077001,201,4256.559718,0,0
0.189931,201,4260.009346,0,0
-0.240182,201,4263.440904,0,0
1.441473,201,4266.876433,0,0
-0.386091,201,4270.305513,0,0
0.174703,201,4273.759292,0,0
19.162789,104,4275.568172,2,1
17.910149,51,4276.484968,2,1
-0.201967,201,4279.879771,0,0
-2.046487,201,4283.325164,0,0
0.70738,201,4286.745896,0,0
18.317696,41,4287.493656,2,1
-0.170406,201,4290.896891,0,0
-0.341227,201,4294.32621,0,0
-0.13704,201,4297.738816,0,0
-10.431511,2,4297.850247,1,0
0.975685,201,4301.241004,0,0
-0.705035,201,4304.666108,0,0
19.644165,77,4306.028558,2,1
-0.086441,201,4309.449109,0,0
-0.361156,201,4312.87715,0,0
-4.881305,201,4316.296371,0,0
0.084386,201,4319.728663,0,0
-0.168961,201,4323.144457,0,0
0.350339,201,4326.568408,0,0
-10.163166,6,4326.743007,1,0
0.206474,201,4330.161701,0,0
18.128661,51,4331.091562,2,1
-0.320169,201,4334.526988,0,0
0.542334,201,4337.961075,0,0
-1.137392,201,4341.425578,0,0
-0.212331,201,4344.864052,0,0
-0.916761,201,4348.268569,0,0
-0.589454,201,4351.677914,0,0
0.115147,201,4355.085017,0,0
-10.25,1,4355.277645,1,0
-3.56554,201,4358.702758,0,0
0.132649,201,4362.139715,0,0
-0.771924,201,4365.557582,0,0
-11.770131,65,4366.72471,1,0
0.126912,201,4370.125588,0,0
0.485351,201,4373.546784,0,0
17.995947,33,4374.184991,2,1
17.571765,15,4374.50781,2,1
0.582532,201,4377.949069,0,0
-0.208473,201,4381.37403,0,0
19.286924,155,4384.033101,2,1
0.046568,201,4387.495472,0,0
17.838847,61,4388.617473,2,1
-10.25,1,4388.709216,1,0
18.389414,72,4390.022517,2,1
0.211463,201,4393.450601,0,0
-0.444947,201,4396.88517,0,0
0.368168,201,4400.289999,0,0
-0.057766,201,4403.733227,0,0
-0.477715,201,4407.154454,0,0
-0.0908,201,4410.585421,0,0
0.924832,201,4414.006827,0,0
-0.098317,201,4417.41736,0,0
2.146603,201,4420.823426,0,0
-10.170443,39,4421.562011,1,0
0.278384,201,4424.985821,0,0
-1.394765,201,4428.38495,0,0
-0.880447,201,4431.802424,0,0
-10.504309,16,4432.152514,1,0
-0.102652,201,4435.586738,0,0
17.855968,28,4436.126157,2,1
-2.327722,201,4439.58919,0,0
-0.031453,201,5246.109238,0,0
-0.293029,201,5249.521588,0,0
-10.25,1,5249.629718,1,0
18.594224,85,5251.146355,2,1
-10.25,1,5251.248283,1,0
18.094336,49,5252.153369,2,1
1.409694,201,5255.597201,0,0
-4.615318,201,5259.028649,0,0
0.495185,201,5262.435066,0,0
1.347083,201,5265.837688,0,0
-0.432629,201,5269.266329,0,0
0.051628,201,5272.784374,0,0
-0.194524,201,5276.213792,0,0
19.590785,183,5279.333739,2,1
0.337869,201,5282.757438,0,0
19.2913,58,5283.799681,2,1
0.225895,201,5287.219931,0,0
18.158992,27,5287.739651,2,1
-0.36377,201,5291.155683,0,0
0.370231,201,5294.581822,0,0
0.793974,201,5297.99898,0,0
20.117098,106,5299.854897,2,1
0.24918,201,5303.350792,0,0
-0.072167,201,5306.76055,0,0
0.49956,201,5310.167904,0,0
18.01318,19,5310.555371,2,1
0.09004,201,5313.93883,0,0
-0.028436,201,5317.357469,0,0
-1.038005,201,5320.785306,0,0
-0.247424,201,5324.208281,0,0
19.945501,173,5327.167651,2,1
1.369007,201,5330.582362,0,0
2.383532,201,5334.006852,0,0
-0.463975,201,5337.445237,0,0
0.211812,201,5340.902545,0,0
-0.104088,201,5344.348528,0,0
0.244592,201,5347.768542,0,0
-0.203662,201,5351.179346,0,0
-0.035532,201,5354.60377,0,0
-10.68656,3,5354.727841,1,0
-0.554886,201,5358.142404,0,0
0.227009,201,5361.539922,0,0
-10.693008,4,5361.680759,1,0
18.581774,40,5362.42492,2,1
1.171667,201,5365.878914,0,0
19.702369,114,5367.843,2,1
18.70295,45,5368.676852,2,1
0.306306,201,5372.102305,0,0
-0.231696,201,5375.546272,0,0
18.956611,45,5376.370137,2,1
0.454339,201,5379.786668,0,0
-0.493504,201,5383.299695,0,0
0.10415,201,5386.737185,0,0
0.359365,201,5390.165408,0,0
-0.041178,201,5393.584195,0,0
16.024235,46,5394.452669,2,1
-0.395257,201,5397.884148,0,0
17.088407,197,5401.23467,2,1
1.176119,201,5404.745398,0,0
-0.460617,201,5408.174507,0,0
0.13199,201,5411.6787,0,0
-0.352282,201,5415.081408,0,0
-0.357694,201,5418.513289,0,0
19.087616,50,5419.418896,2,1
1.877993,201,5422.83398,0,0
0.389994,201,5426.250416,0,0
0.2091,201,5429.672732,0,0
0.848413,201,5433.107002,0,0
19.311821,121,5435.188114,2,1
18.468774,112,5437.125524,2,1
0.095842,201,5440.534664,0,0
-0.418099,201,5443.962505,0,0
18.32328,54,5444.943422,2,1
0.104126,201,5448.367924,0,0
-1.486004,201,5451.803658,0,0
-9.95828,117,5453.83089,1,0
-0.204536,201,5457.261476,0,0
19.390058,58,5458.309457,2,1
-0.160873,201,5461.742365,0,0
17.836107,44,5462.55859,2,1
18.627759,99,5464.280897,2,1
0.851743,201,5467.715241,0,0
18.28288,31,5468.320882,2,1
-0.497674,201,5471.774204,0,0
0.343125,201,5475.241752,0,0
-0.160745,201,5478.639371,0,0
-0.13426,201,5482.056038,0,0
-3.006015,201,5485.474301,0,0
-0.231945,201,5488.911735,0,0
1.688142,201,5492.352852,0,0
19.336945,105,5494.186057,2,1
-0.602595,201,5497.581853,0,0
-0.324549,201,5500.993078,0,0
0.574259,201,5504.449152,0,0
18.507393,121,5506.533004,2,1
-0.55297,201,5509.969319,0,0
0.680933,201,5513.401623,0,0
0.133035,201,5516.846997,0,0
-0.512985,201,5520.278047,0,0
0.029728,201,5523.686556,0,0
0.042368,201,6329.15626,0,0
19.100004,179,6332.309312,2,1
-0.128569,201,6335.748284,0,0
-10.568756,5,6335.904773,1,0
18.334419,44,6336.707689,2,1
18.563115,110,6338.626098,2,1
-0.270091,201,6342.033516,0,0
-0.237176,201,6345.454148,0,0
0.361368,201,6348.908515,0,0
18.174386,97,6350.617369,2,1
18.908609,96,6352.295369,2,1
0.267144,201,6355.713782,0,0
20.058012,183,6358.837542,2,1
-0.015149,201,6362.24114,0,0
16.959212,146,6364.751118,2,1
-10.25,1,6364.847781,1,0
0.286295,201,6368.283566,0,0
17.408438,33,6368.912149,2,1
17.305906,118,6370.966692,2,1
0.48363,201,6374.387008,0,0
19.055306,61,6375.502104,2,1
0.040834,201,6378.893135,0,0
1.006916,201,6382.326638,0,0
0.402468,201,6385.75192,0,0
1.316338,201,6389.194066,0,0
0.104907,201,6392.62482,0,0
18.896377,34,6393.267728,2,1
21.100487,143,6395.753919,2,1
18.647898,156,6398.468466,2,1
19.220386,44,6399.275605,2,1
-10.520642,2,6399.389762,1,0
0.08457,201,6402.816647,0,0
-11.042069,3,6402.957054,1,0
0.50545,201,6406.399971,0,0
-0.092136,201,6409.819151,0,0
17.589267,13,6410.112691,2,1
18.477335,57,6411.128843,2,1
-10.542684,2,6411.239903,1,0
17.821408,17,6411.607268,2,1
1.059376,201,6415.030259,0,0
-0.954813,201,6418.484907,0,0
18.563587,50,6419.406517,2,1
20.268013,133,6421.69503,2,1
20.826312,130,6423.93797,2,1
0.019204,201,6427.344969,0,0
19.034412,65,6428.504016,2,1
0.527557,201,6431.922303,0,0
18.630283,66,6433.112898,2,1
18.999329,65,6434.2502,2,1
20.505185,195,6437.610179,2,1
-2.591917,201,6441.010479,0,0
0.433547,201,6444.457274,0,0
-10.25,1,6444.554108,1,0
18.584466,42,6445.341775,2,1
19.651047,122,6447.464431,2,1
18.359801,30,6448.043694,2,1
-0.270528,201,6451.482393,0,0
-3.642316,201,6455.014776,0,0
17.998911,42,6455.788933,2,1
-1.91483,201,6459.180999,0,0
2.5127,201,6462.617802,0,0
18.991829,93,6464.241566,2,1
-0.211265,201,6467.637617,0,0
0.762993,201,6471.037383,0,0
-0.572697,201,6474.496949,0,0
18.212158,45,6475.307849,2,1
20.775715,120,6477.409632,2,1
-0.651139,201,6480.871809,0,0
0.147109,201,6484.30476,0,0
17.776653,7,6484.497538,2,1
-0.57509,201,6487.923087,0,0
17.820348,85,6489.414821,2,1
0.82565,201,6492.850415,0,0
19.147212,73,6494.172157,2,1
-0.698772,201,6497.568237,0,0
-1.139848,201,6501.008436,0,0
-1.769581,201,6504.426438,0,0
0.070894,201,6507.858836,0,0
0.805731,201,6511.281007,0,0
-0.11374,201,6514.702048,0,0
-0.021646,201,6518.129548,0,0
19.660014,74,6519.439032,2,1
-1.383888,201,6522.864277,0,0
-10.25,1,6522.960619,1,0
0.029955,201,6526.399612,0,0
20.847616,192,6529.664482,2,1
-0.659871,201,6533.128594,0,0
19.228754,68,6534.349942,2,1
1.277318,201,6537.773321,0,0
18.198752,34,6538.412851,2,1
-10.5004,2,6538.525438,1,0
21.632785,199,6541.96392,2,1
17.977597,18,6542.331656,2,1
-0.186186,201,6545.770609,0,0
-10.174815,7,6545.970621,1,0
21.353519,163,6548.88624,2,1
0.193583,201,6552.323128,0,0
19.293983,71,6553.595686,2,1
2.440363,201,6557.029267,0,0
0.538606,201,6560.453159,0,0
18.529765,21,7369.118711,2,1
19.422139,151,7371.740243,2,1
18.004873,11,7372.009067,2,1
1.349665,201,7375.432442,0,0
19.884757,182,7378.553323,2,1
20.138922,81,7379.976848,2,1
19.032255,55,7380.970572,2,1
-0.058944,201,7384.469855,0,0
17.90089,18,7384.840562,2,1
18.721327,63,7385.972179,2,1
18.480703,19,7386.368439,2,1
18.576213,31,7386.961669,2,1
-1.519562,201,7390.408951,0,0
17.692033,7,7390.601784,2,1
-11.015936,45,7391.427279,1,0
-0.430663,201,7394.834813,0,0
18.937352,67,7396.022409,2,1
18.087676,45,7396.84902,2,1
21.217682,124,7398.974671,2,1
18.391983,195,7402.2987,2,1
-0.581068,201,7405.784714,0,0
20.660274,160,7408.537852,2,1
-10.25,1,7408.6257,1,0
21.399607,151,7411.27277,2,1
-0.446001,201,7414.713464,0,0
-0.004928,201,7418.141225,0,0
1.229828,201,7421.556717,0,0
0.619648,201,7424.987775,0,0
-10.994523,3,7425.120371,1,0
2.691947,201,7428.552377,0,0
19.791861,91,7430.13304,2,1
18.687927,59,7431.196802,2,1
18.51892,151,7433.774812,2,1
1.15413,201,7437.216245,0,0
-0.373507,201,7440.746084,0,0
-0.843831,201,7444.141517,0,0
-10.895271,3,7444.279626,1,0
19.629983,55,7445.296442,2,1
0.506383,201,7448.709098,0,0
18.466973,20,7449.126303,2,1
-0.846654,201,7452.591949,0,0
19.016766,171,7455.514644,2,1
19.080888,73,7456.828903,2,1
19.608938,56,7457.835093,2,1
20.635859,150,7460.405684,2,1
18.308547,45,7461.231992,2,1
19.143131,80,7462.642923,2,1
-0.412929,201,7466.048343,0,0
19.73922,66,7467.244028,2,1
18.736298,33,7467.86475,2,1
20.001185,90,7469.444895,2,1
-0.487922,201,7472.909859,0,0
0.804408,201,7476.358871,0,0
-2.043109,201,7479.793002,0,0
20.701819,114,7481.773945,2,1
18.37446,37,7482.481662,2,1
19.345687,70,7483.753015,2,1
-2.192761,201,7487.217353,0,0
18.504696,135,7489.532879,2,1
-10.25,1,7489.618029,1,0
-10.652609,3,7489.765994,1,0
-0.495506,201,7493.228929,0,0
-0.521726,201,7496.661025,0,0
-0.544744,201,7500.118553,0,0
-0.123088,201,7503.525064,0,0
18.60076,26,7504.04003,2,1
3.193901,201,7507.455583,0,0
0.63825,201,7510.891222,0,0
18.278024,16,7511.232347,2,1
-0.68718,201,7514.630076,0,0
2.487823,201,7518.028898,0,0
-0.097332,201,7521.493334,0,0
-1.040809,201,7524.901787,0,0
-0.107899,201,7528.320073,0,0
0.443541,201,7531.726201,0,0
18.217475,14,7532.037952,2,1
18.235383,36,7532.729188,2,1
0.421693,201,7536.245765,0,0
-0.122864,201,7539.677043,0,0
18.159088,56,7540.675828,2,1
0.100444,201,7544.126117,0,0
18.31515,26,7544.628371,2,1
17.808425,61,7545.701046,2,1
19.041963,63,7546.829901,2,1
18.472239,61,7547.923275,2,1
0.571962,201,7551.344649,0,0
20.942696,161,7554.130204,2,1
2.79667,201,7557.552016,0,0
18.412248,23,7558.021358,2,1
19.630751,94,7559.661777,2,1
19.461607,91,7561.28071,2,1
19.368666,48,7562.157549,2,1
19.732651,103,7563.945899,2,1
-10.438893,5,7564.118819,1,0
19.971969,104,7565.925411,2,1
-0.040333,201,7569.341675,0,0
19.200972,158,7572.04173,2,1
0.021061,201,7575.471423,0,0
18.751893,43,7576.289441,2,1
0.292009,201,7579.734272,0,0
-10.25,1,8389.701484,1,0
-9.931865,44,8390.520667,1,0
0.247747,201,8393.945735,0,0
-0.60895,201,8397.417389,0,0
0.355568,201,8400.879504,0,0
2.681036,201,8404.320114,0,0
17.431004,115,8406.276915,2,1
1.654562,201,8409.693385,0,0
18.628393,129,8411.953575,2,1
18.833959,41,8412.713069,2,1
18.580502,28,8413.273177,2,1
-0.063713,201,8416.710519,0,0
-10.25,1,8416.803466,1,0
17.497684,32,8417.417016,2,1
20.687737,142,8419.889448,2,1
17.662187,14,8420.200609,2,1
20.040342,71,8421.472222,2,1
19.224985,68,8422.685492,2,1
19.048503,35,8423.348386,2,1
-0.32418,201,8426.793123,0,0
18.176152,30,8427.376499,2,1
-1.441084,201,8430.778213,0,0
20.110885,129,8433.026187,2,1
-0.121704,201,8436.421326,0,0
18.15288,20,8436.825588,2,1
20.124289,72,8438.093938,2,1
17.318195,16,8438.432357,2,1
17.795754,8,8438.638215,2,1
-0.026152,201,8442.176691,0,0
19.394604,57,8443.209628,2,1
24.046872,187,8446.377045,2,1
-0.524581,201,8449.82381,0,0
17.648649,12,8450.10212,2,1
18.665336,44,8450.935482,2,1
21.195928,130,8453.190443,2,1
-0.671995,201,8456.653086,0,0
18.557003,48,8457.532516,2,1
18.881074,114,8459.536433,2,1
18.774699,160,8462.313117,2,1
-1.984792,201,8465.750168,0,0
-1.295584,201,8469.215784,0,0
18.646703,119,8471.258278,2,1
18.327716,47,8472.12101,2,1
-17.512916,201,8475.58226,0,0
17.475471,49,8476.506734,2,1
18.159462,21,8476.935721,2,1
19.010731,46,8477.781454,2,1
13.337583,148,8480.324289,2,1
19.383136,108,8482.226708,2,1
0.962989,201,8485.629903,0,0
-10.695403,3,8485.762572,1,0
16.691923,34,8486.407847,2,1
-0.246723,201,8489.832634,0,0
20.620929,91,8491.436847,2,1
19.589982,72,8492.730068,2,1
19.190874,126,8494.919737,2,1
18.244007,21,8495.345093,2,1
18.965218,113,8497.300272,2,1
21.2765,161,8500.065467,2,1
0.893198,201,8503.508342,0,0
17.858125,83,8504.965753,2,1
18.191614,89,8506.553598,2,1
18.902946,44,8507.362646,2,1
19.422527,94,8509.01142,2,1
-7.66113,163,8511.783247,1,0
18.809176,44,8512.589221,2,1
21.254256,164,8515.430732,2,1
19.077484,137,8517.773105,2,1
17.931409,17,8518.139189,2,1
3.565072,201,8521.644194,0,0
18.57761,191,8524.892587,2,1
15.522357,71,8526.156435,2,1
19.402399,149,8528.713917,2,1
18.222864,25,8529.205067,2,1
0.23478,201,8532.606248,0,0
19.094632,154,8535.226985,2,1
19.829747,133,8537.510783,2,1
-10.25,1,8537.610054,1,0
1.080504,201,8541.028704,0,0
22.370258,126,8543.221546,2,1
19.436207,187,8546.426515,2,1
20.205355,115,8548.432144,2,1
19.519903,46,8549.301991,2,1
-0.069484,201,8552.757445,0,0
0.479546,201,8556.202342,0,0
0.764183,201,8559.657696,0,0
-10.25,1,8559.761365,1,0
-10.25,1,8559.864474,1,0
17.792202,13,8560.165691,2,1
-0.926402,201,8563.662847,0,0
-17.565841,201,8567.079068,0,0
0.631513,201,8570.502303,0,0
2.567476,201,8573.933312,0,0
-10.597034,3,8574.079546,1,0
-12.839007,51,8575.026281,1,0
20.442311,87,8576.549413,2,1
18.959027,87,8578.079351,2,1
-1.344677,201,8581.493242,0,0
18.866444,78,8582.886414,2,1
17.765848,18,8583.26183,2,1
19.333567,57,9456.917547,2,1
-0.29859,201,9460.334908,0,0
18.632039,57,9461.353201,2,1
17.420098,143,9463.8299,2,1
18.746147,62,9465.033119,2,1
18.223041,67,9466.243863,2,1
-1.775307,201,9469.681376,0,0
20.100679,145,9472.200369,2,1
3.831078,201,9475.633475,0,0
20.591556,132,9477.917641,2,1
-0.432803,201,9481.310134,0,0
17.823573,74,9482.618583,2,1
19.339653,45,9483.444829,2,1
18.756815,104,9485.232606,2,1
-0.994981,201,9488.628632,0,0
19.050943,53,9489.607209,2,1
0.10471,201,9493.037915,0,0
20.102607,127,9495.236159,2,1
-10.25,1,9495.333004,1,0
19.096631,125,9497.49227,2,1
0.62816,201,9500.917103,0,0
17.635144,16,9501.264105,2,1
-0.177922,201,9504.681505,0,0
18.965232,28,9505.232707,2,1
-9.995246,21,9505.672498,1,0
18.70106,161,9508.441062,2,1
-10.740894,49,9509.33882,1,0
-10.25,1,9509.438717,1,0
19.866406,126,9511.646533,2,1
18.787928,68,9512.85228,2,1
18.927096,99,9514.58461,2,1
20.968431,110,9516.491509,2,1
18.413244,55,9517.478863,2,1
0.290219,201,9520.904488,0,0
18.837846,39,9521.629248,2,1
-10.177829,22,9522.065642,1,0
19.049863,120,9524.146525,2,1
18.432927,73,9525.417021,2,1
-0.207973,201,9528.85905,0,0
18.375902,66,9530.056642,2,1
18.077984,15,9530.38106,2,1
0.091388,201,9533.806249,0,0
-10.25,1,9533.907425,1,0
18.053247,95,9535.556465,2,1
20.580857,103,9537.353837,2,1
19.605858,70,9538.597656,2,1
19.724589,104,9540.409183,2,1
19.126222,71,9541.67795,2,1
-10.182586,21,9542.098764,1,0
19.258893,58,9543.155257,2,1
18.689586,35,9543.820583,2,1
-0.079185,201,9547.314965,0,0
18.174668,14,9547.622813,2,1
21.788499,141,9550.062068,2,1
20.468637,194,9553.364827,2,1
-8.493953,119,9555.430965,1,0
17.953278,12,9555.705308,2,1
1.07015,201,9559.170083,0,0
-0.256014,201,9562.594827,0,0
20.168093,98,9564.327207,2,1
0.191437,201,9567.758639,0,0
-11.674794,61,9568.843666,1,0
17.703002,6,9569.01663,2,1
18.987119,80,9570.429446,2,1
19.833948,89,9571.980831,2,1
0.00197,201,9575.44359,0,0
19.987835,92,9577.062338,2,1
18.54022,67,9578.259981,2,1
0.018373,201,9581.704546,0,0
20.494258,85,9583.24476,2,1
-0.139162,201,9586.707052,0,0
18.672173,63,9587.831044,2,1
18.747142,105,9589.644203,2,1
18.934706,179,9592.697493,2,1
18.852262,149,9595.25822,2,1
20.656681,82,9596.695425,2,1
17.322981,132,9598.968646,2,1
1.150899,201,9602.403904,0,0
18.894356,51,9603.314928,2,1
19.117027,39,9604.046918,2,1
18.812607,33,9604.671787,2,1
19.425643,56,9605.698815,2,1
-1.314406,201,9609.182853,0,0
18.880172,32,9609.789569,2,1
19.679066,185,9612.980086,2,1
19.164519,42,9613.753519,2,1
20.447472,164,9616.579139,2,1
-10.128084,27,9617.098813,1,0
21.113914,128,9619.281395,2,1
18.242603,14,9619.602479,2,1
-10.25,1,9619.788543,1,0
0.68681,201,9623.224713,0,0
16.992634,51,9624.161753,2,1
18.78447,79,9625.555476,2,1
19.68651,136,9627.890007,2,1
18.770454,38,9628.607152,2,1
17.784893,19,9629.00288,2,1
18.883899,83,9630.44605,2,1
20.101291,158,9633.1991,2,1
19.487972,80,9634.595222,2,1
0.140286,201,10457.394318,0,0
19.236477,64,10458.537741,2,1
20.222807,195,10461.850847,2,1
18.527921,31,10462.448926,2,1
18.034602,119,10464.489181,2,1
19.742759,54,10465.477963,2,1
19.387638,54,10466.466241,2,1
20.079763,74,10467.794217,2,1
18.462749,31,10468.379571,2,1
19.721061,62,10469.498663,2,1
21.667323,131,10471.789647,2,1
18.425109,18,10472.176901,2,1
20.091132,66,10473.358305,2,1
18.94327,48,10474.240268,2,1
20.738668,151,10476.838952,2,1
-0.133021,201,10480.256517,0,0
17.913297,22,10480.702518,2,1
18.821285,23,10481.163571,2,1
-4.390955,201,10484.577984,0,0
17.424925,68,10485.806934,2,1
19.045699,71,10487.077155,2,1
20.487527,80,10488.506171,2,1
18.374981,32,10489.119232,2,1
-1.450401,201,10492.587053,0,0
18.680491,41,10493.345503,2,1
20.339857,72,10494.636735,2,1
19.663449,48,10495.516171,2,1
19.025775,109,10497.404703,2,1
2.783384,201,10500.816626,0,0
19.530084,75,10502.193821,2,1
-10.656435,7,10502.478512,1,0
19.322133,59,10503.529218,2,1
18.787178,52,10504.472895,2,1
0.966085,201,10507.922724,0,0
-10.25,1,10508.021059,1,0
20.518804,65,10509.178338,2,1
0.409654,201,10512.620086,0,0
18.080834,13,10512.913131,2,1
19.038124,42,10513.682778,2,1
-10.25,1,10513.777845,1,0
19.341389,82,10515.224866,2,1
18.413721,24,10515.702217,2,1
0.538495,201,10519.140572,0,0
17.651282,14,10519.444822,2,1
18.478043,47,10520.304388,2,1
18.667549,50,10521.212673,2,1
-1.14445,201,10524.672569,0,0
19.843475,75,10526.004712,2,1
17.288284,64,10527.160855,2,1
19.247189,63,10528.289326,2,1
19.485991,46,10529.145539,2,1
19.000112,77,10530.513424,2,1
19.768642,52,10531.469551,2,1
16.846407,60,10532.562544,2,1
20.130042,117,10534.615448,2,1
20.529748,79,10536.005992,2,1
18.23453,29,10536.581451,2,1
20.863449,90,10538.200015,2,1
20.481591,114,10540.191925,2,1
18.086429,25,10540.685133,2,1
18.49525,50,10541.597216,2,1
19.657542,42,10542.386265,2,1
-10.25,1,10542.4827,1,0
19.770518,62,10543.603201,2,1
19.172619,64,10544.751971,2,1
-10.25,1,10544.860318,1,0
22.827533,160,10547.620868,2,1
18.794467,35,10548.282004,2,1
-10.52595,2,10548.400867,1,0
-0.124482,201,10551.833691,0,0
19.725953,127,10554.044923,2,1
18.999006,88,10555.606071,2,1
17.398355,75,10556.973593,2,1
19.021935,69,10558.208895,2,1
19.796267,160,10560.949986,2,1
18.227897,72,10562.312006,2,1
0.041133,201,10565.712215,0,0
18.838914,47,10566.565418,2,1
18.678962,45,10567.40171,2,1
17.782679,7,10567.59774,2,1
0.297917,201,10571.007649,0,0
17.861303,13,10571.294067,2,1
-10.234586,7,10571.492699,1,0
18.891796,35,10572.151947,2,1
18.984792,39,10572.876938,2,1
18.886028,148,10575.424551,2,1
18.233541,21,10575.856626,2,1
18.599056,174,10578.856267,2,1
20.033065,60,10579.950281,2,1
-10.209219,6,10580.138988,1,0
19.093056,51,10581.083433,2,1
19.145484,98,10582.784368,2,1
-1.117595,201,10586.216029,0,0
19.337357,42,10587.005039,2,1
18.704509,48,10587.902783,2,1
19.556677,77,10589.277578,2,1
18.866963,33,10589.902713,2,1
18.834809,41,10590.653278,2,1
16.606422,162,10593.449183,2,1
18.43424,33,10594.074547,2,1
-10.25,1,11414.467391,1,0
20.234422,124,11416.629444,2,1
0.951608,201,11420.080303,0,0
20.13621,100,11421.810987,2,1
-0.08334,201,11425.278651,0,0
19.582137,42,11426.052384,2,1
-10.25,1,11426.161589,1,0
21.171577,152,11428.785335,2,1
-0.403778,201,11432.238759,0,0
20.640784,68,11433.465045,2,1
15.785447,124,11435.638326,2,1
-0.019165,201,11439.063174,0,0
19.196121,32,11439.660797,2,1
21.139418,124,11441.827016,2,1
3.227891,201,11445.27611,0,0
-0.009212,201,11448.756476,0,0
19.909146,126,11450.949782,2,1
19.63489,66,11452.126314,2,1
19.471917,112,11454.052083,2,1
18.674321,40,11454.803537,2,1
-0.308492,201,11458.317633,0,0
18.326478,37,11459.013506,2,1
17.426986,41,11459.777608,2,1
13.430129,182,11462.880895,2,1
20.620272,73,11464.17188,2,1
20.335298,92,11465.804487,2,1
3.76706,201,11469.217282,0,0
-10.25,1,11469.320802,1,0
19.268785,55,11470.321646,2,1
17.639294,19,11470.714293,2,1
18.095158,29,11471.276145,2,1
-0.410035,201,11474.673007,0,0
19.201027,30,11475.242503,2,1
20.444466,105,11477.090794,2,1
19.49905,47,11477.956788,2,1
20.084858,124,11480.096111,2,1
-0.108966,201,11483.522734,0,0
18.110604,45,11484.358849,2,1
19.358303,34,11485.017236,2,1
20.489964,104,11486.817504,2,1
16.893725,91,11488.422245,2,1
20.750571,84,11489.910865,2,1
-0.073366,201,11493.342808,0,0
20.706984,63,11494.471716,2,1
1.1029,201,11497.908009,0,0
19.02503,110,11499.82057,2,1
19.734475,135,11502.161366,2,1
18.109084,36,11502.828681,2,1
16.156492,132,11505.121617,2,1
0.087167,201,11508.525335,0,0
21.048854,73,11509.813671,2,1
18.638823,36,11510.505759,2,1
20.573757,120,11512.579015,2,1
19.084614,27,11513.109817,2,1
18.863366,158,11515.839606,2,1
-1.176182,201,11519.244735,0,0
-10.222291,62,11520.34545,1,0
18.852827,64,11521.485374,2,1
19.947103,56,11522.508703,2,1
18.512584,77,11523.900226,2,1
20.237725,52,11524.84654,2,1
-10.25,1,11524.939282,1,0
17.655375,4,11525.082031,2,1
18.393622,77,11526.436901,2,1
18.048988,30,11527.016425,2,1
-4.465852,201,11530.469067,0,0
18.608545,25,11530.959662,2,1
17.425031,48,11531.849571,2,1
20.583855,94,11533.582715,2,1
18.813109,23,11534.04446,2,1
-0.12295,201,11537.497802,0,0
19.187604,27,11538.02205,2,1
18.577774,39,11538.757774,2,1
19.196733,47,11539.621683,2,1
-0.073593,201,11543.068769,0,0
21.722279,157,11545.793799,2,1
-0.378192,201,11549.200891,0,0
19.925745,99,11550.940803,2,1
20.128634,83,11552.415887,2,1
21.192983,110,11554.329367,2,1
19.717926,187,11557.554637,2,1
18.770962,20,11557.966459,2,1
16.973732,10,11558.215103,2,1
-5.904813,201,11561.649012,0,0
21.074146,156,11564.345436,2,1
19.425381,78,11565.726999,2,1
18.721128,35,11566.392893,2,1
19.438539,116,11568.412001,2,1
18.526549,80,11569.844589,2,1
17.227817,122,11571.958231,2,1
-0.544231,201,11575.384331,0,0
20.183816,94,11577.031356,2,1
20.400225,88,11578.585675,2,1
17.747838,20,11578.99407,2,1
19.461599,38,11579.699608,2,1
18.565167,41,11580.446141,2,1
19.537544,70,11581.673588,2,1
18.815049,46,11582.520852,2,1
19.47452,94,11584.169733,2,1
17.985838,39,11584.898787,2,1
19.4225,181,12411.76491,2,1
20.289933,87,12413.286489,2,1
17.949186,9,12413.509117,2,1
18.741534,34,12414.145983,2,1
-12.74315,7,12414.356463,1,0
19.978462,67,12415.560198,2,1
-10.451381,14,12415.869292,1,0
18.278491,11,12416.12563,2,1
19.316502,105,12417.93751,2,1
17.690664,50,12418.879936,2,1
19.116025,69,12420.100543,2,1
20.201826,68,12421.311935,2,1
20.293846,69,12422.634536,2,1
-0.199359,201,12426.044232,0,0
16.633077,90,12427.644694,2,1
-0.153054,201,12431.076515,0,0
19.42291,38,12431.776571,2,1
20.018443,64,12432.930572,2,1
19.041598,84,12434.400821,2,1
-0.786486,201,12437.841747,0,0
-10.25,1,12437.941009,1,0
19.738053,141,12440.397091,2,1
18.913177,28,12440.967332,2,1
21.098446,193,12444.282748,2,1
19.09563,96,12445.980237,2,1
21.671616,94,12447.619585,2,1
19.192562,83,12449.085874,2,1
19.899026,54,12450.051545,2,1
19.695035,111,12452.001476,2,1
-3.604861,201,12455.449424,0,0
21.44501,106,12457.325977,2,1
20.443981,69,12458.56634,2,1
21.282846,78,12459.94831,2,1
19.463508,57,12460.985609,2,1
17.634983,122,12463.083751,2,1
20.106846,112,12465.00791,2,1
20.545963,52,12465.955261,2,1
18.865926,22,12466.399385,2,1
20.321919,87,12467.946949,2,1
18.983095,36,12468.626512,2,1
16.892986,90,12470.20498,2,1
20.968348,69,12471.438873,2,1
-10.354387,6,12471.609084,1,0
-10.25,1,12471.712914,1,0
17.929896,82,12473.148359,2,1
18.935778,45,12473.990816,2,1
17.848168,19,12474.389042,2,1
19.7763,35,12475.058203,2,1
19.8214,43,12475.8475,2,1
18.009746,31,12476.435229,2,1
19.834823,97,12478.133919,2,1
19.194922,103,12479.925278,2,1
-1.115055,201,12483.391023,0,0
18.115216,58,12484.439773,2,1
20.255165,70,12485.762882,2,1
19.686947,60,12486.847569,2,1
21.067187,75,12488.168431,2,1
19.23912,26,12488.674773,2,1
19.300938,97,12490.379862,2,1
18.8557,30,12490.954291,2,1
19.588635,98,12492.657155,2,1
18.192824,49,12493.543778,2,1
20.026927,52,12494.481746,2,1
20.23705,63,12495.59786,2,1
19.608262,63,12496.759042,2,1
-10.163578,6,12496.938173,1,0
19.678222,44,12497.749774,2,1
18.307636,44,12498.558525,2,1
-9.836328,32,12499.16213,1,0
18.663455,110,12501.084783,2,1
0.613429,201,12504.513293,0,0
19.493033,86,12506.020014,2,1
17.863859,114,12507.993142,2,1
-0.185272,201,12511.431749,0,0
19.469503,58,12512.497309,2,1
19.768199,65,12513.643647,2,1
19.908943,84,12515.107129,2,1
21.146666,89,12516.668218,2,1
20.08916,105,12518.518253,2,1
-1.027453,201,12521.981757,0,0
19.642262,39,12522.69956,2,1
0.753424,201,12526.140875,0,0
17.909373,8,12526.349126,2,1
18.578395,26,12526.854574,2,1
18.74976,42,12527.636261,2,1
18.119934,81,12529.074802,2,1
19.468722,94,12530.712455,2,1
-0.864815,201,12534.190875,0,0
18.821466,90,12535.773222,2,1
21.12511,83,12537.240213,2,1
18.783721,20,12537.657429,2,1
19.820945,69,12538.877382,2,1
-0.053064,201,12542.326323,0,0
18.667815,137,12544.695103,2,1
17.615408,23,12545.153971,2,1
21.125997,76,12546.594349,2,1
19.525247,72,12547.86786,2,1
19.348125,26,12548.389152,2,1
18.241178,70,12549.632286,2,1
17.873708,7,12549.82832,2,1
18.648941,137,13381.580885,2,1
18.221319,49,13382.466868,2,1
17.787665,66,13383.680901,2,1
19.897315,44,13384.485395,2,1
18.312439,26,13384.999968,2,1
19.99736,43,13385.790929,2,1
18.782467,25,13386.288521,2,1
17.879738,9,13386.523262,2,1
19.174436,87,13388.059803,2,1
20.302618,46,13388.896498,2,1
17.503109,53,13389.845645,2,1
19.937173,54,13390.819828,2,1
-9.99631,21,13391.247283,1,0
19.786472,70,13392.516211,2,1
20.069774,58,13393.569035,2,1
20.171056,53,13394.5542,2,1
17.678641,18,13394.931608,2,1
18.597837,17,13395.296651,2,1
-0.863046,201,13398.730292,0,0
18.192737,29,13399.293065,2,1
17.78791,57,13400.326069,2,1
18.496431,157,13403.048264,2,1
18.244484,26,13403.561557,2,1
18.540377,38,13404.276675,2,1
18.282753,15,13404.599071,2,1
-10.25,1,13404.703265,1,0
18.725424,42,13405.481542,2,1
-10.701755,7,13405.691066,1,0
16.175505,103,13407.483978,2,1
19.400314,100,13409.252454,2,1
-10.222057,4,13409.400073,1,0
-11.786919,8,13409.609001,1,0
17.857213,62,13410.727375,2,1
18.091364,26,13411.23237,2,1
19.305977,37,13411.925555,2,1
19.537876,124,13414.091633,2,1
19.099491,130,13416.332846,2,1
18.423568,41,13417.079949,2,1
21.486924,61,13418.223438,2,1
19.009477,42,13418.980154,2,1
18.011165,29,13419.531001,2,1
18.921256,134,13421.869317,2,1
21.474864,89,13423.435134,2,1
-11.170127,24,13423.908925,1,0
18.620567,31,13424.505448,2,1
18.401353,21,13424.932197,2,1
20.560857,78,13426.323931,2,1
20.009049,45,13427.174194,2,1
15.923246,66,13428.444535,2,1
18.773883,31,13429.044799,2,1
-10.25,1,13429.136286,1,0
20.726642,156,13431.817288,2,1
18.450956,13,13432.123713,2,1
18.76055,49,13433.057693,2,1
20.984528,53,13434.029709,2,1
20.806325,61,13435.12781,2,1
17.545533,14,13435.432719,2,1
17.774965,4,13435.574974,2,1
17.034624,88,13437.109412,2,1
-2.276831,201,13440.565009,0,0
19.22362,30,13441.155551,2,1
18.831231,43,13441.946833,2,1
20.964712,112,13443.934499,2,1
18.330845,30,13444.511311,2,1
19.36868,58,13445.556933,2,1
17.904274,20,13445.965334,2,1
17.952926,27,13446.486333,2,1
19.903488,53,13447.458104,2,1
19.753499,99,13449.199811,2,1
19.400132,71,13450.473829,2,1
18.870147,33,13451.099663,2,1
18.614744,41,13451.854504,2,1
17.739527,19,13452.244912,2,1
19.686415,83,13453.705225,2,1
18.718485,17,13454.06561,2,1
16.583379,123,13456.248069,2,1
21.649167,89,13457.799638,2,1
19.377237,68,13459.003649,2,1
19.80575,47,13459.859805,2,1
18.861702,56,13460.884066,2,1
19.286469,46,13461.719287,2,1
20.004989,58,13462.774526,2,1
19.750196,99,13464.533432,2,1
17.637329,48,13465.40937,2,1
18.198387,40,13466.165974,2,1
19.328227,46,13466.999398,2,1
20.09373,71,13468.260788,2,1
20.210928,76,13469.605588,2,1
18.023228,47,13470.464223,2,1
-0.814794,201,13473.902576,0,0
19.96089,70,13475.142436,2,1
-45.533752,201,13478.573854,0,0
19.793886,40,13479.325073,2,1
20.239741,54,13480.290415,2,1
20.902536,70,13481.641031,2,1
17.989383,19,13482.043309,2,1
17.785486,51,13482.974793,2,1
17.793331,27,13483.492325,2,1
18.995635,76,13484.837977,2,1
20.020817,57,13485.862956,2,1
21.909623,81,14319.372788,2,1
-10.25,1,14319.462965,1,0
18.638235,79,14320.867802,2,1
19.708156,33,14321.506237,2,1
-0.729601,201,14325.014089,0,0
18.900384,62,14326.126951,2,1
17.674572,10,14326.374487,2,1
14.422761,120,14328.438234,2,1
20.316103,54,14329.426122,2,1
18.412112,17,14329.792581,2,1
-0.134457,201,14333.213701,0,0
17.811462,16,14333.568522,2,1
17.664162,12,14333.83885,2,1
-1.51887,201,14337.242346,0,0
18.004659,94,14338.877354,2,1
20.403408,73,14340.162293,2,1
17.323133,56,14341.166703,2,1
21.108426,81,14342.605961,2,1
19.288217,37,14343.317874,2,1
20.083534,40,14344.063766,2,1
20.429863,83,14345.528195,2,1
18.867172,55,14346.529463,2,1
18.751083,38,14347.238638,2,1
20.000848,35,14347.911852,2,1
20.499086,112,14349.852636,2,1
19.345196,41,14350.623267,2,1
20.027982,67,14351.841217,2,1
-10.277686,3,14351.970057,1,0
-10.25,1,14352.080782,1,0
19.492341,55,14353.08911,2,1
20.803459,122,14355.203557,2,1
18.20891,15,14355.544971,2,1
18.130658,13,14355.837803,2,1
18.091118,15,14356.161055,2,1
19.61529,84,14357.640007,2,1
17.717147,107,14359.5221,2,1
22.16888,57,14360.638468,2,1
20.494763,65,14361.798285,2,1
19.630297,48,14362.675622,2,1
18.647672,90,14364.264405,2,1
18.494688,20,14364.670941,2,1
17.527604,12,14364.940757,2,1
-10.029701,11,14365.209619,1,0
19.298718,28,14365.769878,2,1
17.948338,36,14366.433975,2,1
16.530222,92,14368.064275,2,1
18.437789,11,14368.320681,2,1
-0.03384,201,14371.747327,0,0
18.385928,78,14373.10253,2,1
16.344263,68,14374.314558,2,1
-10.25,1,14374.407615,1,0
18.651124,44,14375.215999,2,1
19.284681,37,14375.917849,2,1
20.074269,57,14376.958605,2,1
20.209724,91,14378.570216,2,1
18.465301,29,14379.12754,2,1
18.56027,46,14379.974281,2,1
-1.182419,201,14383.464189,0,0
18.85052,85,14384.972676,2,1
19.406748,36,14385.646123,2,1
19.06903,27,14386.170562,2,1
18.65416,25,14386.675375,2,1
-10.25,1,14386.775623,1,0
22.677984,99,14388.510131,2,1
19.29677,26,14389.014185,2,1
20.197298,60,14390.096507,2,1
18.512373,51,14391.026956,2,1
17.889687,13,14391.313942,2,1
19.836582,112,14393.257036,2,1
19.347527,158,14395.993118,2,1
23.757765,94,14397.636955,2,1
19.65763,81,14399.089478,2,1
20.071081,85,14400.596638,2,1
15.159831,100,14402.37183,2,1
19.052893,55,14403.355956,2,1
20.636129,61,14404.473784,2,1
-0.041202,201,14407.91079,0,0
19.158918,35,14408.577832,2,1
18.851676,58,14409.619829,2,1
-10.114665,27,14410.142431,1,0
20.082009,97,14411.945483,2,1
20.644939,77,14413.333785,2,1
20.930718,75,14414.663883,2,1
17.119209,65,14415.836128,2,1
18.235588,12,14416.113462,2,1
18.261037,38,14416.816502,2,1
14.879782,62,14417.938927,2,1
19.751324,28,14418.485383,2,1
18.111784,57,14419.521909,2,1
17.5,1,14419.61028,2,1
21.063805,126,14421.824785,2,1
20.250752,55,14422.818558,2,1
21.053554,80,14424.233231,2,1
18.714726,38,14424.95072,2,1
16.295936,101,14426.724998,2,1
19.223701,29,14427.290079,2,1
19.347232,71,14428.549841,2,1
17.583046,33,14429.185084,2,1
19.242484,105,14431.045803,2,1
19.033172,46,14431.911039,2,1
19.25584,50,15276.665138,2,1
-0.999268,201,15280.086687,0,0
21.398087,87,15281.602094,2,1
19.150923,70,15282.845874,2,1
19.516467,48,15283.708179,2,1
-10.745942,11,15283.9812,1,0
20.326293,43,15284.762168,2,1
18.833625,39,15285.49411,2,1
17.613975,16,15285.845344,2,1
17.697864,80,15287.252567,2,1
19.540956,64,15288.388477,2,1
1.170366,201,15291.791775,0,0
18.200288,93,15293.436195,2,1
18.838343,69,15294.675722,2,1
19.71639,62,15295.789628,2,1
19.849111,33,15296.423504,2,1
20.476584,162,15299.203068,2,1
18.993465,29,15299.75694,2,1
18.523877,40,15300.493909,2,1
18.803286,31,15301.101656,2,1
19.678917,46,15301.953662,2,1
18.479787,26,15302.466682,2,1
18.822597,21,15302.889568,2,1
-10.25,1,15302.98414,1,0
20.070715,85,15304.582807,2,1
18.373637,23,15305.044697,2,1
19.171867,28,15305.585148,2,1
18.396052,105,15307.428637,2,1
19.425224,35,15308.097203,2,1
19.864717,38,15308.817514,2,1
19.575189,74,15310.116346,2,1
18.810608,22,15310.56344,2,1
0.591486,201,15313.965742,0,0
20.334593,84,15315.443217,2,1
19.015404,50,15316.360619,2,1
-0.277535,201,15319.798837,0,0
18.810468,27,15320.329019,2,1
20.095286,70,15321.592369,2,1
19.484735,26,15322.10199,2,1
19.802173,37,15322.788929,2,1
18.713379,21,15323.220886,2,1
19.126273,36,15323.897014,2,1
19.799757,47,15324.781545,2,1
19.881265,44,15325.60573,2,1
18.362298,19,15326.001422,2,1
19.833979,48,15326.881364,2,1
19.185105,42,15327.669682,2,1
19.995957,33,15328.295578,2,1
18.849904,92,15329.892542,2,1
-10.469203,4,15330.043669,1,0
20.852728,55,15331.032402,2,1
19.779795,52,15331.974977,2,1
-43.378823,201,15335.411577,0,0
19.216347,54,15336.382936,2,1
21.48455,94,15338.021523,2,1
18.274947,22,15338.46622,2,1
17.489861,61,15339.540412,2,1
18.59989,37,15340.213373,2,1
18.683963,84,15341.693188,2,1
21.207117,160,15344.453928,2,1
-0.408903,201,15347.910465,0,0
20.656153,128,15350.135327,2,1
18.56425,15,15350.465059,2,1
0.091206,201,15353.859067,0,0
23.087137,57,15354.889251,2,1
-10.282034,7,15355.079129,1,0
19.8797,45,15356.02131,2,1
17.614212,15,15356.342538,2,1
-0.136689,201,15359.760054,0,0
18.739202,30,15360.345991,2,1
18.86126,162,15363.139057,2,1
20.129252,50,15364.045544,2,1
17.703109,84,15365.514625,2,1
19.63329,50,15366.425737,2,1
19.874715,60,15367.51487,2,1
17.5317,27,15368.040111,2,1
16.935916,82,15369.498947,2,1
19.005077,18,15369.864602,2,1
17.670323,34,15370.497856,2,1
19.314128,22,15370.941516,2,1
18.830244,15,15371.267842,2,1
15.274535,91,15372.87155,2,1
18.637387,47,15373.759783,2,1
-1.520356,201,15377.189685,0,0
16.748963,9,15377.413968,2,1
-0.85126,201,15380.820871,0,0
20.335712,58,15381.87756,2,1
20.237442,49,15382.780023,2,1
19.300706,25,15383.268314,2,1
20.09146,54,15384.240131,2,1
19.562034,87,15385.767956,2,1
19.288273,58,15386.813175,2,1
18.963395,20,15387.217848,2,1
19.813047,49,15388.120912,2,1
17.594619,24,15388.599973,2,1
21.228977,68,15389.810682,2,1
19.227359,45,15390.634944,2,1
20.183101,86,15392.149872,2,1
18.024002,136,15394.501929,2,1
18.745452,31,15395.088969,2,1
18.195735,32,16245.545131,2,1
19.06879,41,16246.300647,2,1
19.668686,43,16247.111721,2,1
20.029584,99,16248.835323,2,1
19.294325,20,16249.252209,2,1
18.756003,21,16249.673558,2,1
18.235134,31,16250.254083,2,1
20.358719,36,16250.93596,2,1
20.708712,56,16251.952337,2,1
18.721709,36,16252.63311,2,1
16.951331,93,16254.363033,2,1
20.677667,81,16255.813668,2,1
19.87597,35,16256.465286,2,1
16.879678,95,16258.145577,2,1
19.422308,32,16258.748904,2,1
21.823594,65,16259.937447,2,1
-10.25,1,16260.028035,1,0
17.639949,6,16260.20208,2,1
18.595797,13,16260.501362,2,1
19.508945,55,16261.5143,2,1
-10.485224,2,16261.637782,1,0
19.03222,41,16262.416315,2,1
19.071183,17,16262.766968,2,1
18.933125,21,16263.210064,2,1
21.160308,63,16264.370727,2,1
19.675684,40,16265.116456,2,1
19.719075,70,16266.365696,2,1
21.039703,75,16267.695645,2,1
20.547664,48,16268.56637,2,1
19.50518,47,16269.416477,2,1
-10.25,1,16269.509362,1,0
18.890997,55,16270.514728,2,1
20.023227,46,16271.370275,2,1
20.892205,142,16273.793278,2,1
21.716234,108,16275.708461,2,1
19.8258,50,16276.618369,2,1
18.558659,14,16276.933484,2,1
18.665778,45,16277.763195,2,1
18.561255,30,16278.344189,2,1
17.006383,11,16278.598293,2,1
18.902272,18,16278.969908,2,1
19.547227,26,16279.474949,2,1
19.027805,31,16280.069829,2,1
20.381751,114,16282.05551,2,1
18.822397,26,16282.575936,2,1
21.492851,47,16283.432726,2,1
19.574223,78,16284.813868,2,1
18.770876,29,16285.389171,2,1
18.671586,42,16286.162176,2,1
20.879656,110,16288.088245,2,1
18.966209,76,16289.537514,2,1
19.326917,34,16290.192607,2,1
20.020602,68,16291.414435,2,1
19.83991,50,16292.332416,2,1
20.907732,82,16293.777708,2,1
17.980565,6,16293.954954,2,1
18.967613,90,16295.534667,2,1
19.137272,57,16296.55671,2,1
-2.334962,201,16300.000171,0,0
19.389508,34,16300.64059,2,1
19.653495,52,16301.577802,2,1
17.75167,5,16301.732156,2,1
20.922258,107,16303.597007,2,1
20.051656,51,16304.521194,2,1
18.079459,20,16304.933269,2,1
-6.553816,201,16308.354552,0,0
18.86935,81,16309.790839,2,1
-10.25,1,16309.881523,1,0
21.276627,72,16311.159979,2,1
21.342563,78,16312.561418,2,1
19.240171,38,16313.284214,2,1
0.246884,201,16316.787089,0,0
19.401349,46,16317.626776,2,1
21.188962,43,16318.449667,2,1
17.879083,23,16318.908264,2,1
19.244304,25,16319.409045,2,1
19.212555,48,16320.300201,2,1
18.573346,46,16321.140721,2,1
20.77906,91,16322.746894,2,1
17.998951,26,16323.256515,2,1
19.339504,25,16323.757368,2,1
18.543058,14,16324.06988,2,1
18.092507,21,16324.490054,2,1
18.703223,19,16324.890635,2,1
19.122732,84,16326.363444,2,1
18.917571,46,16327.208875,2,1
18.144759,12,16327.480462,2,1
19.736105,83,16328.957846,2,1
18.66143,58,16330.000956,2,1
20.09957,45,16330.832922,2,1
18.697589,108,16332.720894,2,1
19.13482,33,16333.345847,2,1
19.39912,28,16333.891138,2,1
-0.061172,201,16337.438993,0,0
20.480092,56,16338.459883,2,1
19.821496,58,16339.51516,2,1
0.790805,201,16342.931648,0,0
18.760816,90,16344.506443,2,1
20.490175,52,16345.444788,2,1
20.149932,60,16346.517374,2,1
16.929227,33,17409.160765,2,1
18.739765,27,17409.775998,2,1
18.987913,33,17410.513926,2,1
21.52535,49,17411.552491,2,1
0.749102,201,17415.461556,0,0
19.461279,20,17415.945647,2,1
18.704727,18,17416.403797,2,1
20.319006,52,17417.528052,2,1
18.412839,35,17418.332903,2,1
19.770189,46,17419.327155,2,1
18.314393,35,17420.099036,2,1
20.370392,63,17421.402534,2,1
18.269341,78,17423.001024,2,1
-10.709118,8,17423.272509,1,0
18.650949,78,17424.861738,2,1
-3.738716,201,17428.820861,0,0
-1.139329,201,17432.797819,0,0
-11.032312,52,17433.911127,1,0
-11.61849,16,17434.323618,1,0
17.20096,48,17435.343146,2,1
17.67953,4,17435.518417,2,1
-7.267627,54,17436.682464,1,0
14.822342,53,17437.81322,2,1
18.847537,13,17438.15976,2,1
19.105014,41,17439.084345,2,1
-1.2087,201,17443.110715,0,0
18.140704,12,17443.434691,2,1
19.814492,31,17444.148507,2,1
18.691894,30,17444.823281,2,1
-2.148533,201,17448.701077,0,0
-10.25,1,17448.834472,1,0
18.573674,14,17449.198343,2,1
19.869575,96,17451.138359,2,1
-10.566585,16,17451.55212,1,0
19.128864,22,17452.077711,2,1
19.693157,49,17453.109177,2,1
19.405678,20,17453.599722,2,1
18.609362,29,17454.254725,2,1
-0.010723,201,17458.160185,0,0
19.043183,32,17458.868517,2,1
-11.468465,81,17460.536515,1,0
18.570043,107,17462.709766,2,1
-10.328183,8,17462.968078,1,0
18.194917,36,17463.753428,2,1
-11.325299,62,17465.042098,1,0
17.227001,57,17466.22777,2,1
17.646677,62,17467.482194,2,1
19.935325,33,17468.214616,2,1
-0.163733,201,17472.231465,0,0
18.659059,13,17472.579797,2,1
-10.90938,201,17476.53909,0,0
18.322044,39,17477.416402,2,1
19.795156,71,17478.891541,2,1
18.680776,61,17480.167892,2,1
0.010682,201,17484.090955,0,0
-10.316543,2,17484.241706,1,0
18.080953,105,17486.344357,2,1
21.273545,63,17487.642731,2,1
-10.738161,36,17488.457785,1,0
18.360216,12,17488.791122,2,1
16.336406,87,17490.536524,2,1
1.145265,201,17494.501182,0,0
17.580825,130,17497.079765,2,1
18.148919,11,17497.389802,2,1
19.562097,47,17498.399023,2,1
18.709118,21,17498.906153,2,1
-9.351076,35,17499.680448,1,0
19.407406,26,17500.281056,2,1
18.648935,39,17501.149885,2,1
-10.188895,2,17501.303759,1,0
-10.25,1,17501.435233,1,0
20.178102,54,17502.569734,2,1
-9.449148,41,17503.477846,1,0
21.274163,91,17505.315784,2,1
-0.386625,201,17509.428702,0,0
21.280678,74,17510.938973,2,1
-22.061839,201,17514.922309,0,0
18.070395,13,17515.265287,2,1
18.964832,68,17516.676033,2,1
-10.435404,3,17516.83561,1,0
16.032774,63,17518.147056,2,1
19.618953,25,17518.728502,2,1
17.896221,9,17518.993968,2,1
19.269777,40,17519.86029,2,1
19.20996,24,17520.412703,2,1
18.796798,35,17521.182591,2,1
18.007966,25,17521.772008,2,1
19.446008,108,17523.931641,2,1
18.364953,48,17524.963863,2,1
19.435382,36,17525.757182,2,1
-10.368143,68,17527.175744,1,0
19.195006,48,17528.189128,2,1
-0.051145,201,17532.223673,0,0
18.132657,14,17532.603848,2,1
19.16868,40,17533.476865,2,1
18.026656,73,17534.967924,2,1
-7.930008,201,17538.968033,0,0
19.060707,55,17540.124418,2,1
-11.597955,22,17540.633338,1,0
18.066903,45,17541.586478,2,1
19.614095,45,18550.759671,2,1
20.16302,34,18551.492306,2,1
19.074792,33,18552.228559,2,1
-9.606888,36,18553.027884,1,0
19.75228,56,18554.205033,2,1
20.114078,81,18555.844032,2,1
19.311398,38,18556.673674,2,1
19.018564,19,18557.152852,2,1
18.097915,96,18559.076366,2,1
19.753545,62,18560.379479,2,1
19.479577,67,18561.776752,2,1
19.09559,45,18562.733993,2,1
1.77517,201,18566.690081,0,0
17.653923,73,18568.198731,2,1
18.848542,40,18569.059132,2,1
-0.506187,201,18573.00558,0,0
-7.215499,61,18574.315398,1,0
-12.898419,40,18575.2023,1,0
-1.270471,201,18579.123195,0,0
18.346727,17,18579.545424,2,1
17.828647,13,18579.886633,2,1
-12.752988,20,18580.387321,1,0
-6.031448,201,18584.348383,0,0
0.364294,201,18588.289018,0,0
-10.145536,22,18588.916111,1,0
17.936099,98,18590.89556,2,1
0.072316,201,18594.931717,0,0
20.528583,35,18595.717007,2,1
17.658966,22,18596.26319,2,1
0.030214,201,18600.240201,0,0
19.197744,24,18600.797939,2,1
18.576388,30,18601.467821,2,1
21.293626,103,18603.553314,2,1
17.925199,19,18604.024752,2,1
18.40331,61,18605.307502,2,1
-10.25,1,18605.437261,1,0
17.636768,162,18608.666855,2,1
20.755316,60,18609.93728,2,1
19.666168,56,18611.110695,2,1
18.917195,24,18611.697156,2,1
19.594542,30,18612.379905,2,1
18.963958,31,18613.084538,2,1
20.345949,95,18615.006976,2,1
20.000909,139,18617.780049,2,1
-1.627728,201,18621.789901,0,0
19.461766,33,18622.523823,2,1
-2.527795,201,18626.490323,0,0
-0.111271,201,18630.440584,0,0
17.249556,59,18631.673209,2,1
17.497495,46,18632.639786,2,1
-0.202854,201,18636.675567,0,0
0.005666,201,18640.592528,0,0
18.473014,31,18641.28743,2,1
21.381675,75,18642.812717,2,1
18.436104,31,18643.509453,2,1
18.103453,15,18643.896571,2,1
18.286718,9,18644.177947,2,1
19.519024,69,18645.605082,2,1
19.51022,77,18647.19416,2,1
-9.587344,19,18647.66363,1,0
17.791023,61,18648.939792,2,1
-0.488244,201,18652.84358,0,0
-0.968523,201,18656.828942,0,0
-12.368264,61,18658.109881,1,0
18.210535,21,18658.611804,2,1
19.523376,42,18659.545018,2,1
21.094758,51,18660.715501,2,1
20.586715,43,18661.64017,2,1
-0.010386,201,18665.63071,0,0
20.297827,39,18666.46897,2,1
-10.25,1,18666.601047,1,0
-10.06006,73,18668.089599,1,0
18.500462,31,18668.811812,2,1
-11.036075,59,18670.049648,1,0
21.381751,58,18671.263232,2,1
20.965405,42,18672.163966,2,1
18.112292,7,18672.403254,2,1
-10.516543,70,18673.833302,1,0
20.262968,85,18675.531603,2,1
-10.013802,43,18676.48801,1,0
-0.839638,201,18680.481994,0,0
17.8703,64,18681.814293,2,1
20.031016,43,18682.732127,2,1
-0.496406,201,18686.6875,0,0
-10.589705,59,18687.940119,1,0
-9.742158,201,18691.946522,0,0
19.89898,54,18693.079607,2,1
17.975924,15,18693.469353,2,1
18.953405,49,18694.498126,2,1
19.189994,39,18695.351321,2,1
19.338482,47,18696.354443,2,1
17.512534,36,18697.144066,2,1
18.149856,71,18698.606164,2,1
-12.948846,104,18700.713908,1,0
18.692443,46,18701.688405,2,1
19.561715,64,18702.98556,2,1
0.021782,201,18706.927815,0,0
20.074104,60,18708.16391,2,1
20.323613,36,18708.969234,2,1
17.558987,80,18710.607377,2,1
-0.832254,201,19699.50075,0,0
19.311079,45,19700.479335,2,1
0.044032,201,19704.447678,0,0
16.982664,15,19704.835375,2,1
-3.778425,201,19708.830744,0,0
20.896098,103,19710.916513,2,1
19.043872,43,19711.823297,2,1
17.359703,20,19712.309474,2,1
19.24848,88,19714.099579,2,1
-11.649403,134,19716.819087,1,0
19.480626,33,19717.636006,2,1
21.337937,99,19719.635887,2,1
-10.25,1,19719.760298,1,0
18.024087,16,19720.166619,2,1
17.917754,30,19720.83556,2,1
19.525015,73,19722.322134,2,1
18.514328,17,19722.744252,2,1
17.933341,10,19723.051007,2,1
16.391604,84,19724.77575,2,1
21.269922,143,19727.595712,2,1
-0.30868,201,19731.525476,0,0
19.841069,33,19732.25192,2,1
19.266043,33,19732.984665,2,1
20.081193,111,19735.17879,2,1
0.244064,201,19739.154588,0,0
-0.019106,201,19743.150941,0,0
17.42021,161,19746.309641,2,1
18.61851,58,19747.514667,2,1
-10.25,1,19747.6427,1,0
18.566461,53,19748.766091,2,1
-8.968312,43,19749.691983,1,0
-1.152338,201,19753.614882,0,0
-10.25,1,19753.73998,1,0
0.251484,201,19757.712513,0,0
19.531649,101,19759.754919,2,1
18.978029,27,19760.365247,2,1
18.912204,18,19760.820445,2,1
19.279375,87,19762.599558,2,1
17.38406,11,19762.924022,2,1
19.543507,33,19763.649414,2,1
17.976363,21,19764.153793,2,1
-0.114661,201,19768.027223,0,0
20.481526,85,19769.732615,2,1
19.212046,21,19770.242306,2,1
-37.343484,201,19774.202458,0,0
-10.44282,2,19774.356014,1,0
-10.02773,10,19774.637761,1,0
18.384307,15,19775.029178,2,1
-0.11862,201,19779.044309,0,0
17.926063,37,19779.8634,2,1
18.65585,14,19780.236499,2,1
3.056214,201,19784.123085,0,0
20.99918,51,19785.185599,2,1
-0.282152,201,19789.198206,0,0
18.512471,21,19789.689741,2,1
18.472383,48,19790.733506,2,1
0.264857,201,19794.724113,0,0
19.323361,36,19795.596291,2,1
20.35133,171,19798.96345,2,1
20.453321,99,19800.9644,2,1
18.6794,18,19801.401323,2,1
0.865157,201,19805.276106,0,0
17.032641,9,19805.547463,2,1
18.116137,123,19807.998607,2,1
19.527885,32,19808.719377,2,1
18.551572,21,19809.218939,2,1
20.953767,64,19810.541835,2,1
-10.686901,74,19812.09625,1,0
-9.055105,193,19815.890016,1,0
-10.25,1,19816.017166,1,0
17.993867,10,19816.31482,2,1
18.648841,43,19817.218582,2,1
19.979718,44,19818.163138,2,1
-1.492224,201,19822.099593,0,0
0.003185,201,19826.045928,0,0
16.097443,79,19827.636792,2,1
19.780609,197,19831.508861,2,1
19.457428,52,19832.595018,2,1
17.715252,9,19832.860276,2,1
19.712068,92,19834.685503,2,1
21.388154,52,19835.779807,2,1
21.577861,88,19837.544692,2,1
-10.25,1,19837.662669,1,0
-11.183653,18,19838.115707,1,0
17.670412,50,19839.169784,2,1
-10.908531,41,19840.096618,1,0
0.122438,201,19844.055056,0,0
18.067276,9,19844.33689,2,1
-4.375067,201,19848.247714,0,0
-11.212022,11,19848.573066,1,0
20.163026,86,19850.300408,2,1
18.267025,85,19852.044432,2,1
19.928934,61,19853.327182,2,1
-0.989224,201,19857.30236,0,0
19.042656,77,19858.850727,2,1
-49.127843,201,19862.863337,0,0
21.535257,77,19864.458678,2,1
0.614018,201,19868.39312,0,0
20.529763,110,19870.66907,2,1
-0.279019,201,19874.600716,0,0
18.75335,187,20857.260857,2,1
-9.90896,60,20858.518439,1,0
16.846829,162,20861.680807,2,1
-10.25,1,20861.819607,1,0
19.074339,35,20862.57407,2,1
19.096361,33,20863.335944,2,1
17.900735,16,20863.766644,2,1
20.350657,157,20866.84343,2,1
-0.098213,201,20870.742836,0,0
-0.188602,201,20874.651993,0,0
-11.08502,65,20875.998349,1,0
18.059766,11,20876.320957,2,1
20.279296,109,20878.492621,2,1
20.567598,87,20880.263834,2,1
19.160588,103,20882.343427,2,1
-10.25,1,20882.46895,1,0
16.252365,13,20882.823586,2,1
18.750428,35,20883.597698,2,1
-0.135285,201,20887.567947,0,0
0.18892,201,20891.50701,0,0
19.075826,67,20892.907982,2,1
19.772252,61,20894.187379,2,1
1.170444,201,20898.068769,0,0
-10.25,1,20898.202056,1,0
-0.256967,201,20902.160496,0,0
19.758558,45,20903.131011,2,1
18.238955,40,20904.020033,2,1
0.0538,201,20907.949626,0,0
18.971766,44,20908.888337,2,1
-45.50933,201,20912.847582,0,0
-10.351499,12,20913.203845,1,0
19.097306,84,20914.906995,2,1
18.52466,51,20916.060965,2,1
17.33868,73,20917.556654,2,1
19.731006,43,20918.489361,2,1
18.934833,65,20919.820891,2,1
18.173679,34,20920.570369,2,1
18.564218,45,20921.538414,2,1
18.944983,127,20924.050516,2,1
16.741493,52,20925.134016,2,1
17.927088,77,20926.697265,2,1
18.032591,11,20927.025726,2,1
0.022044,201,20930.909735,0,0
-9.551894,31,20931.589364,1,0
19.325626,34,20932.33509,2,1
-10.25,1,20932.45001,1,0
20.350125,55,20933.621946,2,1
0.992844,201,20937.587328,0,0
19.325748,116,20939.911764,2,1
-10.25,1,20940.048816,1,0
19.946482,82,20941.709531,2,1
-9.841778,98,20943.697699,1,0
18.895774,22,20944.237204,2,1
18.903633,31,20944.952359,2,1
19.901684,55,20946.100865,2,1
-11.631708,201,20950.019586,0,0
-7.681398,201,20954.023049,0,0
20.141606,63,20955.335383,2,1
-0.952895,201,20959.240206,0,0
17.745474,12,20959.571236,2,1
18.018958,10,20959.865782,2,1
18.597238,79,20961.461548,2,1
0.05286,201,20965.374746,0,0
1.038014,201,20969.312233,0,0
18.015719,8,20969.570793,2,1
17.58204,62,20970.847211,2,1
19.772037,50,20971.896811,2,1
18.665558,31,20972.603177,2,1
19.912655,79,20974.241042,2,1
19.393795,45,20975.222253,2,1
-0.610746,201,20979.157734,0,0
18.103377,22,20979.67432,2,1
18.997405,48,20980.67646,2,1
-0.720197,201,20984.561799,0,0
-0.013887,201,20988.591174,0,0
17.694708,9,20988.862108,2,1
-10.25,1,20988.992167,1,0
-3.306739,201,20993.036722,0,0
20.792825,55,20994.174551,2,1
19.067635,36,20994.968572,2,1
18.823875,44,20995.905323,2,1
17.707699,94,20997.815839,2,1
18.627895,44,20998.750141,2,1
-10.25,1,20998.878968,1,0
18.713482,40,20999.726707,2,1
0.56397,201,21003.741266,0,0
19.048351,23,21004.28022,2,1
-0.57991,201,21008.174802,0,0
-0.038549,201,21012.074809,0,0
18.416107,32,21012.790987,2,1
-0.614217,201,21016.711993,0,0
-10.25,1,21016.857149,1,0
17.635157,55,21017.999804,2,1
19.14619,94,21019.922037,2,1
-10.589788,33,21020.660853,1,0
19.261545,22,21021.187266,2,1
19.860677,38,21022.014432,2,1
-0.328967,201,21025.963377,0,0
19.119258,29,21026.603673,2,1
0.410713,201,21030.594528,0,0
18.833541,20,22004.723486,2,1
20.818459,178,22008.210886,2,1
19.711406,97,22010.184494,2,1
20.565727,72,22011.671919,2,1
18.145373,25,22012.246575,2,1
18.833508,44,22013.21144,2,1
1.753985,201,22017.181811,0,0
15.886288,157,22020.292123,2,1
19.069263,24,22020.849679,2,1
-10.25,1,22020.987794,1,0
18.334818,50,22022.070531,2,1
18.845317,41,22022.956831,2,1
18.51909,29,22023.59792,2,1
20.558867,149,22026.549913,2,1
11.140724,191,22030.300621,2,1
17.928093,30,22030.984711,2,1
18.790979,73,22032.465814,2,1
17.5,1,22032.587498,2,1
-10.258063,2,22032.738238,1,0
19.894723,90,22034.581396,2,1
20.064231,78,22036.265706,2,1
-1.167565,201,22040.20443,0,0
1.175097,201,22044.178446,0,0
18.432462,16,22044.573657,2,1
-10.25,1,22044.693458,1,0
18.156477,28,22045.33551,2,1
-0.562405,201,22049.330696,0,0
-11.351197,10,22049.626537,1,0
0.421632,201,22053.635608,0,0
18.90087,55,22054.802434,2,1
18.660248,20,22055.282948,2,1
18.691312,37,22056.093651,2,1
0.561872,201,22060.039592,0,0
-11.219429,5,22060.252751,1,0
-10.925958,5,22060.468786,1,0
-10.960677,4,22060.655635,1,0
17.740939,25,22061.233012,2,1
0.018841,201,22065.244681,0,0
18.922509,27,22065.875535,2,1
-12.368967,56,22067.036126,1,0
19.384,105,22069.166548,2,1
-0.158075,201,22073.089183,0,0
20.764756,72,22074.56442,2,1
18.641356,63,22075.879355,2,1
19.712699,131,22078.468369,2,1
-0.095758,201,22082.328067,0,0
20.127913,74,22083.874795,2,1
19.050128,28,22084.512645,2,1
18.674247,69,22085.892912,2,1
0.503762,201,22089.818753,0,0
-0.060937,201,22093.784487,0,0
18.307409,17,22094.207758,2,1
17.825431,20,22094.692311,2,1
17.928851,18,22095.134673,2,1
19.60897,158,22098.233987,2,1
19.742899,48,22099.255698,2,1
-1.000529,201,22103.189268,0,0
-0.336493,201,22107.124115,0,0
19.476044,49,22108.183969,2,1
20.967091,61,22109.433957,2,1
20.988556,73,22110.939386,2,1
18.31549,35,22111.730768,2,1
20.819768,172,22115.13273,2,1
19.319811,24,22115.707693,2,1
-1.090712,201,22119.737744,0,0
18.130351,9,22120.008108,2,1
19.775851,80,22121.629115,2,1
19.340101,30,22122.410167,2,1
19.184938,42,22123.312856,2,1
1.011327,201,22127.256795,0,0
0.125743,201,22131.147995,0,0
0.330318,201,22135.12593,0,0
0.943755,201,22139.001322,0,0
19.89728,95,22140.939541,2,1
20.325841,52,22142.059916,2,1
18.96095,63,22143.358282,2,1
20.659123,62,22144.638006,2,1
18.225535,22,22145.155739,2,1
19.209433,35,22145.954241,2,1
-10.25,1,22146.092354,1,0
-0.056788,201,22149.97974,0,0
18.996376,119,22152.344476,2,1
-15.83002,98,22154.326839,1,0
19.528312,37,22155.10883,2,1
18.610504,22,22155.634833,2,1
-10.25,1,22155.774138,1,0
19.716263,66,22157.137022,2,1
-0.199199,201,22161.044191,0,0
17.331167,92,22162.915539,2,1
18.184134,44,22163.87136,2,1
18.427148,25,22164.447892,2,1
17.034969,20,22164.93149,2,1
18.68822,37,22165.726214,2,1
18.077025,26,22166.342231,2,1
-14.521967,157,22169.452888,1,0
-0.342823,201,22173.395036,0,0
18.857537,46,22174.385449,2,1
-10.25,1,22174.516594,1,0
-10.25,1,22174.634245,1,0
18.523484,66,22176.019657,2,1
-0.555766,201,23143.886293,0,0
-12.916259,108,23146.040289,1,0
20.288844,79,23147.636866,2,1
19.39427,61,23148.917552,2,1
-10.464475,2,23149.065054,1,0
-10.25,1,23149.281281,1,0
19.270257,42,23150.180803,2,1
19.371592,31,23150.888465,2,1
0.01529,201,23154.767011,0,0
0.043538,201,23158.647479,0,0
18.824371,29,23159.293045,2,1
-11.758007,7,23159.53707,1,0
-0.106387,201,23163.50439,0,0
0.606324,201,23167.394341,0,0
17.241395,129,23170.024827,2,1
17.949921,13,23170.378756,2,1
18.178999,21,23170.887985,2,1
17.748974,114,23173.188559,2,1
-10.25,1,23173.317037,1,0
0.747189,201,23177.218911,0,0
19.204059,31,23177.908552,2,1
19.526234,49,23178.976323,2,1
1.293403,201,23182.869817,0,0
-2.744325,201,23186.792552,0,0
0.700901,201,23190.717796,0,0
-2.123188,201,23194.598824,0,0
19.084651,71,23196.078731,2,1
17.863545,7,23196.31354,2,1
-0.007257,201,23200.259164,0,0
19.823197,47,23201.251031,2,1
19.906353,161,23204.452273,2,1
19.800663,168,23207.843326,2,1
18.224208,113,23210.126869,2,1
0.094243,201,23213.988707,0,0
19.087549,31,23214.704862,2,1
-10.189193,22,23215.245265,1,0
17.68388,4,23215.427193,2,1
1.232828,201,23219.352351,0,0
1.827913,201,23223.335876,0,0
18.744452,19,23223.799824,2,1
18.688266,29,23224.470154,2,1
19.215971,38,23225.304255,2,1
-0.741214,201,23229.156561,0,0
19.913327,98,23231.098746,2,1
18.36084,27,23231.71367,2,1
18.68474,28,23232.36317,2,1
2.376567,201,23236.344671,0,0
18.067706,99,23238.303827,2,1
-0.137557,201,23242.305783,0,0
18.680108,25,23242.905424,2,1
-0.728836,201,23246.857863,0,0
18.323063,21,23247.369528,2,1
-10.25,1,23247.494593,1,0
18.385099,36,23248.293607,2,1
0.734121,201,23252.243267,0,0
18.058316,21,23252.745666,2,1
-10.25,1,23252.870181,1,0
18.875471,33,23253.60131,2,1
3.345388,201,23257.538835,0,0
19.330062,32,23258.257415,2,1
17.889928,16,23258.661277,2,1
18.973679,34,23259.433967,2,1
17.424549,28,23260.078093,2,1
18.817327,27,23260.695823,2,1
-0.065538,201,23264.618121,0,0
20.061295,28,23265.269352,2,1
20.610184,129,23267.800875,2,1
-0.391271,201,23271.783092,0,0
19.30471,32,23272.495055,2,1
-10.25,1,23272.617501,1,0
18.167875,47,23273.593182,2,1
19.533253,62,23274.894627,2,1
-0.220098,201,23278.838614,0,0
0.448514,201,23282.719525,0,0
19.575491,86,23284.462101,2,1
-0.137849,201,23288.507337,0,0
19.389158,76,23290.074004,2,1
0.714326,201,23293.981792,0,0
-0.134917,201,23297.878168,0,0
13.918096,142,23300.724302,2,1
17.543954,13,23301.086927,2,1
19.134725,86,23302.854257,2,1
19.093527,61,23304.139626,2,1
1.082399,201,23308.082324,0,0
18.010246,15,23308.469972,2,1
-10.25,1,23308.595096,1,0
18.842238,49,23309.629827,2,1
20.10317,50,23310.691438,2,1
20.542677,87,23312.456177,2,1
21.565599,129,23315.034302,2,1
19.133355,47,23316.026477,2,1
-0.542535,201,23320.029517,0,0
18.41815,46,23321.004855,2,1
19.304745,175,23324.513428,2,1
0.086454,201,23328.533197,0,0
18.829026,66,23329.896174,2,1
19.255697,57,23331.075284,2,1
18.100265,28,23331.728473,2,1
19.491677,35,23332.499278,2,1
19.180844,63,23333.809631,2,1
17.853541,32,24294.958936,2,1
18.31806,26,24295.574032,2,1
18.355001,88,24297.375458,2,1
21.146806,103,24299.440776,2,1
-38.695548,120,24301.836717,1,0
17.879944,40,24302.71126,2,1
18.795117,53,24303.826461,2,1
-1.467009,201,24307.75266,0,0
-0.353361,201,24311.705308,0,0
-10.25,1,24311.840234,1,0
19.881516,73,24313.33374,2,1
21.322532,126,24315.811279,2,1
18.210646,30,24316.500758,2,1
-0.083115,201,24320.495995,0,0
-0.038928,201,24324.455703,0,0
19.459286,121,24326.889981,2,1
18.589252,195,24330.713488,2,1
-0.161488,201,24334.626818,0,0
1.918615,201,24338.520354,0,0
19.623554,70,24339.959509,2,1
20.508056,80,24341.593203,2,1
17.923793,50,24342.640808,2,1
-0.049799,201,24346.547972,0,0
-0.365389,201,24350.469636,0,0
17.500245,37,24351.283011,2,1
-0.35044,201,24355.170413,0,0
18.627114,26,24355.761321,2,1
-0.308058,201,24359.656452,0,0
18.472067,15,24360.048272,2,1
0.019093,201,24363.991103,0,0
16.593076,82,24365.676587,2,1
20.675562,85,24367.419116,2,1
19.506563,42,24368.414399,2,1
-0.402875,201,24372.352349,0,0
19.649791,99,24374.322803,2,1
0.073972,201,24378.263702,0,0
19.144821,116,24380.555756,2,1
2.597685,201,24384.478497,0,0
19.940691,107,24386.633534,2,1
20.383456,98,24388.591318,2,1
17.590536,52,24389.657614,2,1
-10.25,1,24389.787347,1,0
17.174748,56,24390.97142,2,1
18.920871,102,24392.998717,2,1
17.918987,13,24393.345962,2,1
3.906001,201,24397.260227,0,0
-4.900574,201,24401.278941,0,0
0.796357,201,24405.281633,0,0
-0.035828,201,24409.179989,0,0
19.532224,186,24412.776684,2,1
0.446191,201,24416.677811,0,0
-14.112873,142,24419.540065,1,0
19.277077,38,24420.373907,2,1
-0.639282,201,24424.250263,0,0
-0.195365,201,24428.179735,0,0
18.980625,62,24429.499416,2,1
18.673393,104,24431.611037,2,1
0.414711,201,24435.49806,0,0
-12.539813,28,24436.172436,1,0
17.788925,5,24436.372149,2,1
18.26125,12,24436.713872,2,1
0.275969,201,24440.594826,0,0
20.121835,75,24442.123824,2,1
-10.25,1,24442.250681,1,0
19.644391,81,24443.892545,2,1
18.361669,18,24444.339774,2,1
20.288544,121,24446.77034,2,1
-10.25,1,24446.897408,1,0
1.143877,201,24450.800316,0,0
0.932346,201,24454.724129,0,0
19.685415,50,24455.789559,2,1
20.54252,63,24457.077853,2,1
18.232528,43,24458.013077,2,1
19.471934,67,24459.3995,2,1
18.475727,45,24460.355096,2,1
18.0035,65,24461.724355,2,1
19.472873,108,24463.959168,2,1
18.8205,64,24465.268971,2,1
-10.425577,13,24465.626425,1,0
20.080972,120,24468.04015,2,1
2.90724,201,24471.987207,0,0
0.209234,201,24475.911569,0,0
19.285089,120,24478.283345,2,1
17.178804,80,24479.897906,2,1
18.593106,30,24480.572152,2,1
20.599926,105,24482.68514,2,1
-0.053002,201,24486.681424,0,0
0.004369,201,24490.575069,0,0
-0.039905,201,24494.451511,0,0
-0.169552,201,24498.363612,0,0
-8.274042,175,24501.830972,1,0
19.284565,117,24504.181516,2,1
3.053254,201,24508.174534,0,0
-6.610015,201,24512.133677,0,0
-0.131775,201,24516.099858,0,0
19.819622,92,24517.956845,2,1
18.726152,129,24520.517717,2,1
19.454614,36,24521.305899,2,1
-10.25,1,24521.434969,1,0
-10.25,1,24521.565319,1,0
18.498148,25,25481.279476,2,1
18.056484,22,25481.808561,2,1
-10.25,1,25481.930241,1,0
-0.551064,201,25485.910599,0,0
18.148973,28,25486.547934,2,1
19.069366,84,25488.241091,2,1
18.624017,106,25490.370398,2,1
16.939905,92,25492.231498,2,1
-0.105436,201,25496.172135,0,0
2.084894,201,25500.15651,0,0
0.551954,201,25504.081281,0,0
-0.683449,201,25508.013748,0,0
17.894528,18,25508.471144,2,1
1.883667,201,25512.481709,0,0
-10.25,1,25512.609169,1,0
19.130353,61,25513.889891,2,1
-1.010422,201,25517.79647,0,0
18.085632,36,25518.585694,2,1
0.44963,201,25522.503819,0,0
17.403158,64,25523.816924,2,1
20.387147,106,25525.952192,2,1
18.471851,56,25527.112921,2,1
20.246635,59,25528.331585,2,1
18.707188,22,25528.854026,2,1
18.287722,10,25529.151623,2,1
20.606102,91,25530.987998,2,1
18.491613,17,25531.43873,2,1
-0.613033,201,25535.441857,0,0
17.821152,72,25536.925015,2,1
18.84009,79,25538.527807,2,1
1.409447,201,25542.461263,0,0
19.134109,48,25543.473317,2,1
19.484119,40,25544.336323,2,1
-21.082448,94,25546.262754,1,0
16.770967,15,25546.649418,2,1
21.58438,84,25548.357938,2,1
-50.254046,201,25552.259657,0,0
0.861886,201,25556.244616,0,0
19.453009,56,25557.415091,2,1
-0.047135,201,25561.288094,0,0
0.335228,201,25565.26186,0,0
19.236845,67,25566.64221,2,1
-0.62664,201,25570.54369,0,0
0.020933,201,25574.47094,0,0
0.899597,201,25578.404276,0,0
17.458014,46,25579.382914,2,1
18.488917,40,25580.240344,2,1
19.447536,67,25581.636162,2,1
19.715058,50,25582.686151,2,1
19.429374,38,25583.523157,2,1
21.115346,146,25586.387268,2,1
-1.207111,201,25590.298457,0,0
-10.735587,127,25592.816699,1,0
21.091138,96,25594.735728,2,1
19.334371,95,25596.763319,2,1
17.638029,4,25596.93599,2,1
20.148769,80,25598.540189,2,1
19.01679,73,25600.006892,2,1
18.252272,149,25602.93876,2,1
18.2585,31,25603.636547,2,1
20.149421,106,25605.766801,2,1
18.269313,71,25607.220487,2,1
19.167184,77,25608.776835,2,1
19.258542,32,25609.486976,2,1
17.98352,42,25610.400618,2,1
18.398466,63,25611.699041,2,1
-0.405926,201,25615.638842,0,0
-10.25,1,25615.773541,1,0
19.504127,72,25617.267263,2,1
17.164019,27,25617.904382,2,1
1.549796,201,25621.796561,0,0
18.501925,45,25622.783631,2,1
21.262018,106,25624.921161,2,1
18.523696,45,25625.903018,2,1
19.383806,84,25627.60004,2,1
20.119364,200,25631.518844,2,1
18.263207,21,25632.018246,2,1
2.072522,201,25635.933211,0,0
0.780436,201,25639.860121,0,0
18.737776,35,25640.637765,2,1
-0.389599,201,25644.609887,0,0
18.322986,155,25647.633621,2,1
17.184589,21,25648.151234,2,1
15.636046,110,25650.360103,2,1
-4.614777,201,25654.291589,0,0
-0.744073,201,25658.24043,0,0
0.013651,201,25662.146285,0,0
0.615354,201,25666.144808,0,0
1.517949,201,25670.084551,0,0
1.163399,201,25674.015889,0,0
17.993282,7,25674.340013,2,1
17.099716,66,25675.68818,2,1
21.284274,63,25676.983051,2,1
18.970261,55,25678.130009,2,1
19.774204,35,25678.912008,2,1
20.921487,61,25680.172786,2,1
18.951817,99,25682.141057,2,1
20.83028,105,25684.241603,2,1
-0.518929,201,25688.204182,0,0
20.677652,83,25689.896341,2,1
17.821573,44,26710.024162,2,1
-0.636837,201,26713.992617,0,0
-8.629959,123,26716.456417,1,0
0.012146,201,26720.407497,0,0
5.874345,95,26722.337961,1,0
-10.25,1,26722.465247,1,0
-0.565147,201,26726.381873,0,0
-1.271641,201,26730.31326,0,0
0.305674,201,26734.16363,0,0
18.034106,32,26734.872058,2,1
20.403648,51,26735.953119,2,1
-0.922714,201,26739.911803,0,0
-10.25,1,26740.033615,1,0
-26.456923,201,26743.938746,0,0
16.396806,138,26746.711591,2,1
17.95453,24,26747.276521,2,1
18.086734,26,26747.865654,2,1
19.297006,41,26748.771694,2,1
-0.330843,201,26752.727265,0,0
20.722899,118,26755.045909,2,1
19.52866,55,26756.330361,2,1
0.757687,201,26760.245593,0,0
18.180393,9,26760.516914,2,1
18.772619,42,26761.411569,2,1
-10.25,1,26761.53705,1,0
19.131891,41,26762.436702,2,1
-10.172058,68,26763.82698,1,0
19.240664,40,26764.67784,2,1
-15.069262,42,26765.600732,1,0
0.425069,201,26769.537186,0,0
0.159421,201,26773.456662,0,0
19.007758,30,26774.139201,2,1
0.598979,201,26778.056558,0,0
-0.121088,201,26782.019696,0,0
-26.961532,201,26786.01947,0,0
0.572534,201,26789.962619,0,0
0.785648,201,26793.896726,0,0
0.670398,201,26797.834496,0,0
19.174429,46,26798.802948,2,1
2.434933,201,26802.753112,0,0
20.103868,71,26804.2187,2,1
18.5916,30,26804.890512,2,1
19.868034,51,26805.996546,2,1
18.265713,20,26806.488536,2,1
18.668833,44,26807.428434,2,1
17.395451,178,26810.928747,2,1
19.996772,35,26811.691064,2,1
18.264302,38,26812.520823,2,1
1.088779,201,26816.430185,0,0
17.773852,41,26817.331733,2,1
-0.280966,201,26821.227718,0,0
-2.448208,201,26825.15923,0,0
19.560477,175,26828.624337,2,1
-10.236749,3,26828.802887,1,0
18.625769,71,26830.260245,2,1
18.479788,43,26831.189209,2,1
-11.071322,76,26832.738248,1,0
19.005035,93,26834.622669,2,1
-11.357258,201,26838.593851,0,0
-12.913595,201,26842.55637,0,0
18.462995,174,26845.993812,2,1
-0.582375,201,26849.884396,0,0
17.791952,27,26850.492624,2,1
19.776498,60,26851.732721,2,1
-11.55384,26,26852.341888,1,0
18.571821,28,26852.99457,2,1
20.473179,66,26854.355951,2,1
18.118925,49,26855.394919,2,1
17.289563,22,26855.918346,2,1
-3.42145,201,26859.931062,0,0
20.261812,46,26860.933089,2,1
21.151967,85,26862.705264,2,1
-0.10591,201,26866.578401,0,0
0.627301,201,26870.479758,0,0
-10.25,1,26870.60699,1,0
1.214468,201,26874.532339,0,0
-0.397198,201,26878.485964,0,0
20.793146,61,26879.768743,2,1
17.368097,68,26881.190655,2,1
-10.287672,8,26881.446797,1,0
19.341298,30,26882.142371,2,1
19.413131,57,26883.332702,2,1
-10.758085,63,26884.648474,1,0
17.984245,25,26885.214637,2,1
20.213605,86,26886.942857,2,1
0.079745,201,26890.812195,0,0
18.656565,29,26891.467867,2,1
17.275182,17,26891.907161,2,1
17.956543,10,26892.200711,2,1
18.682616,27,26892.810707,2,1
18.163262,10,26893.10511,2,1
19.970452,77,26894.663814,2,1
18.050001,35,26895.419657,2,1
18.389969,37,26896.245077,2,1
19.180071,59,26897.461979,2,1
19.833604,77,26899.021015,2,1
17.819475,32,26899.733612,2,1
19.470537,39,26900.566648,2,1
-10.25,1,26900.702312,1,0
-0.446954,201,26904.715899,0,0
-10.25,1,27869.242758,1,0
18.699884,37,27870.04766,2,1
0.392043,201,27873.950353,0,0
17.050134,66,27875.341756,2,1
18.732714,48,27876.386846,2,1
17.5,1,27876.527087,2,1
-1.23472,201,27880.463627,0,0
19.549999,41,27881.376113,2,1
18.424585,184,27884.98156,2,1
-1.783038,201,27888.93176,0,0
-0.327456,201,27892.871757,0,0
1.758304,201,27896.771595,0,0
19.40315,92,27898.647344,2,1
-0.380426,201,27902.65694,0,0
-3.919818,201,27906.590344,0,0
18.739342,21,27907.103968,2,1
17.999427,10,27907.405466,2,1
-0.136124,201,27911.406507,0,0
18.605961,21,27911.91921,2,1
-10.319658,116,27914.241931,1,0
17.960893,70,27915.670344,2,1
-10.25,1,27915.800099,1,0
18.984836,70,27917.224571,2,1
19.095489,46,27918.211174,2,1
18.927957,37,27919.025978,2,1
17.802559,64,27920.351666,2,1
-8.747546,83,27922.049562,1,0
17.352637,37,27922.877376,2,1
-9.837871,53,27924.000963,1,0
17.138502,65,27925.342571,2,1
18.762385,75,27926.903574,2,1
18.565933,41,27927.777087,2,1
-10.25,1,27927.905755,1,0
21.785775,140,27930.680127,2,1
20.940258,54,27931.840084,2,1
18.100852,15,27932.234058,2,1
17.938246,29,27932.938021,2,1
20.308906,108,27935.094459,2,1
0.60217,201,27939.005831,0,0
-10.25,1,27939.131421,1,0
-0.324972,201,27943.124197,0,0
0.803168,201,27947.040547,0,0
18.89631,72,27948.519931,2,1
-0.244239,201,27952.520673,0,0
0.050762,201,27956.466031,0,0
19.729505,125,27958.980379,2,1
-0.077983,201,27962.908652,0,0
18.691722,131,27965.51659,2,1
-10.895343,8,27965.776761,1,0
-10.559432,162,27969.003349,1,0
18.524898,49,27970.122997,2,1
18.345102,66,27971.491504,2,1
17.691347,3,27971.638016,2,1
19.674172,42,27972.536511,2,1
19.076229,194,27976.322349,2,1
18.890473,34,27977.05861,2,1
0.541251,201,27980.976927,0,0
-0.05778,201,27984.868648,0,0
0.002374,201,27988.882648,0,0
18.708798,41,27989.750297,2,1
17.941068,72,27991.214794,2,1
-0.560159,201,27995.166249,0,0
17.631595,12,27995.511551,2,1
18.833169,26,27996.112141,2,1
0.349466,201,28000.11754,0,0
-10.704715,31,28000.813126,1,0
18.179601,35,28001.5843,2,1
-4.806449,201,28005.551702,0,0
18.887636,94,28007.446997,2,1
19.300826,30,28008.121047,2,1
19.305657,86,28009.876375,2,1
18.067176,81,28011.543392,2,1
-10.475887,3,28011.718884,1,0
19.850478,53,28012.842164,2,1
18.543778,18,28013.296102,2,1
17.741328,30,28013.976041,2,1
19.145177,102,28016.019495,2,1
0.890425,201,28019.964428,0,0
-0.292502,201,28023.951955,0,0
17.744182,18,28024.393892,2,1
-10.25,1,28024.533959,1,0
-10.25,1,28024.657702,1,0
18.894508,60,28025.892548,2,1
20.89687,65,28027.230229,2,1
19.027567,64,28028.569169,2,1
-1.890544,201,28032.484232,0,0
-10.25,1,28032.62593,1,0
21.26023,61,28033.896806,2,1
18.401387,14,28034.269518,2,1
-10.25,1,28034.403963,1,0
-1.614887,201,28038.362762,0,0
0.173887,201,28042.337366,0,0
-10.25,1,28042.461379,1,0
19.256462,86,28044.225582,2,1
21.548921,81,28045.877013,2,1
-11.624489,96,28047.836106,1,0
-10.937381,10,28048.153535,1,0
17.575607,34,28048.899505,2,1
18.538365,101,28050.961655,2,1
0.787885,201,28054.857195,0,0
18.139891,22,29022.345814,2,1
2.51937,201,29026.246493,0,0
18.97695,36,29027.056223,2,1
-0.355552,201,29031.044422,0,0
18.265042,25,29031.607639,2,1
19.302785,43,29032.524801,2,1
19.534125,62,29033.817641,2,1
-10.25,1,29033.940499,1,0
-10.25,1,29034.081989,1,0
17.607778,92,29035.96244,2,1
17.810039,16,29036.379671,2,1
18.015784,17,29036.813106,2,1
17.859557,7,29037.049873,2,1
18.481998,28,29037.693819,2,1
18.933777,78,29039.262419,2,1
18.244565,48,29040.263667,2,1
18.354174,33,29041.003659,2,1
19.625634,52,29042.091323,2,1
18.433714,40,29042.95444,2,1
-3.344579,201,29046.896827,0,0
-10.25,1,29047.028832,1,0
18.626012,54,29048.174718,2,1
0.921232,201,29052.144602,0,0
-0.258086,201,29056.099403,0,0
18.572906,24,29056.670291,2,1
0.3384,201,29060.590854,0,0
18.506993,52,29061.772258,2,1
20.40991,53,29062.893747,2,1
18.327863,27,29063.499348,2,1
-0.138484,201,29067.416089,0,0
17.907002,51,29068.474014,2,1
18.421462,35,29069.269491,2,1
-0.952602,201,29073.173862,0,0
-0.033019,201,29077.10022,0,0
1.450029,201,29081.094336,0,0
19.364339,33,29081.806952,2,1
19.342152,78,29083.394226,2,1
20.147513,91,29085.219094,2,1
-10.25,1,29085.367731,1,0
19.459779,178,29088.824991,2,1
-19.44652,201,29092.767008,0,0
-0.139715,201,29096.687686,0,0
0.119161,201,29100.660625,0,0
19.752288,71,29102.120241,2,1
16.546832,49,29103.158611,2,1
-0.375356,201,29107.063032,0,0
17.919247,20,29107.54012,2,1
18.734499,51,29108.612993,2,1
-0.334373,201,29112.547495,0,0
18.986383,24,29113.098825,2,1
19.229294,88,29114.867209,2,1
17.99389,124,29117.347816,2,1
20.380886,45,29118.302454,2,1
-0.803737,201,29122.280704,0,0
-4.317124,201,29126.194194,0,0
20.116332,70,29127.60464,2,1
17.605246,12,29127.92358,2,1
-10.178489,33,29128.656246,1,0
1.69014,201,29132.582319,0,0
19.485115,34,29133.350335,2,1
-0.780535,201,29137.265012,0,0
23.163204,165,29140.523364,2,1
18.12343,11,29140.835817,2,1
-0.424282,201,29144.820163,0,0
19.193004,104,29146.898658,2,1
17.905084,13,29147.252563,2,1
17.803691,23,29147.79386,2,1
18.713117,55,29148.937345,2,1
0.676678,201,29152.863044,0,0
0.192868,201,29156.858798,0,0
1.063056,201,29160.821943,0,0
-0.3832,201,29164.841695,0,0
18.63977,22,29165.358929,2,1
18.60275,53,29166.475339,2,1
17.023974,47,29167.479537,2,1
19.55213,140,29170.23302,2,1
19.421987,48,29171.24923,2,1
17.632494,18,29171.707516,2,1
19.703965,42,29172.612963,2,1
19.590498,42,29173.528123,2,1
-1.226965,201,29177.472181,0,0
18.69907,29,29178.122643,2,1
18.927989,19,29178.574335,2,1
18.612752,18,29179.016401,2,1
18.205006,80,29180.613161,2,1
19.07493,56,29181.777429,2,1
19.202858,53,29182.8848,2,1
19.359653,50,29183.957114,2,1
-10.25,1,29184.082142,1,0
18.650195,141,29186.899661,2,1
-12.921621,41,29187.813237,1,0
-0.3737,201,29191.768285,0,0
19.150929,37,29192.582095,2,1
19.600614,70,29194.006898,2,1
2.301593,201,29197.982508,0,0
20.746845,105,29200.079543,2,1
-0.128055,201,29203.966794,0,0
19.479254,28,29204.61871,2,1
18.728156,22,29205.13586,2,1
20.028889,81,29206.774499,2,1
18.510906,54,30175.914678,2,1
-0.232531,201,30179.834324,0,0
0.24605,201,30183.731911,0,0
19.227716,145,30186.543137,2,1
18.150797,15,30186.940693,2,1
20.101396,59,30188.174542,2,1
19.561432,71,30189.659854,2,1
17.838645,16,30190.058279,2,1
19.154321,31,30190.773605,2,1
-10.25,1,30190.903676,1,0
-0.242612,201,30194.831599,0,0
-0.094104,201,30198.809035,0,0
-4.422147,201,30202.72692,0,0
-0.116543,201,30206.639091,0,0
-2.700531,201,30210.556181,0,0
17.920084,12,30210.898215,2,1
20.289571,69,30212.337689,2,1
-0.728776,201,30216.263899,0,0
18.742637,32,30216.977904,2,1
18.433342,29,30217.634421,2,1
0.846545,201,30221.556157,0,0
17.891318,10,30221.861943,2,1
-0.235018,201,30225.740693,0,0
18.305816,66,30227.113081,2,1
19.220694,23,30227.671861,2,1
-10.25,1,30227.802244,1,0
20.338821,69,30229.217378,2,1
18.953666,95,30231.1458,2,1
19.580229,96,30233.095913,2,1
22.022733,91,30234.95374,2,1
18.412385,12,30235.281794,2,1
-10.471449,17,30235.713488,1,0
-0.04196,201,30239.605035,0,0
19.344566,96,30241.545469,2,1
1.41034,201,30245.458699,0,0
1.659109,201,30249.341054,0,0
-0.435972,201,30253.240226,0,0
18.956322,33,30253.982149,2,1
16.692047,125,30256.482914,2,1
0.365172,201,30260.428497,0,0
1.2514,201,30264.407057,0,0
-0.075628,201,30268.336443,0,0
-10.4403,2,30268.485949,1,0
-10.25,1,30268.616661,1,0
20.092065,111,30270.844366,2,1
18.580033,27,30271.463914,2,1
-10.25,1,30271.593861,1,0
20.397678,116,30273.909093,2,1
-0.529928,201,30277.860613,0,0
19.738842,49,30278.889749,2,1
17.853242,13,30279.244545,2,1
19.198401,38,30280.06327,2,1
18.988556,35,30280.842847,2,1
20.149295,55,30281.997243,2,1
18.254578,39,30282.831846,2,1
21.37034,92,30284.815763,2,1
20.400951,53,30285.933397,2,1
17.673977,3,30286.095603,2,1
18.063961,42,30287.028571,2,1
-10.25,1,30287.168214,1,0
20.262908,57,30288.367108,2,1
-1.242504,201,30292.304124,0,0
0.763668,201,30296.216218,0,0
0.594105,201,30300.204158,0,0
-0.334056,201,30304.161545,0,0
20.044262,128,30306.730622,2,1
21.403395,83,30308.410263,2,1
0.317352,201,30312.336632,0,0
1.611075,201,30316.292432,0,0
17.890927,10,30316.59186,2,1
17.903796,5,30316.783508,2,1
20.428038,130,30319.357269,2,1
0.767074,201,30323.241566,0,0
18.383397,51,30324.324738,2,1
18.186485,30,30325.012999,2,1
19.561151,57,30326.195764,2,1
18.588178,60,30327.449248,2,1
18.825874,139,30330.224103,2,1
-1.335463,201,30334.146094,0,0
-0.169546,201,30338.115251,0,0
19.356324,28,30338.742568,2,1
-10.619405,13,30339.099134,1,0
17.501317,13,30339.452521,2,1
-10.25,1,30339.592677,1,0
19.007338,51,30340.67218,2,1
18.200615,24,30341.242533,2,1
0.05632,201,30345.166619,0,0
-2.101584,201,30349.156558,0,0
-10.25,1,30349.279204,1,0
-10.25,1,30349.416712,1,0
-10.25,1,30349.551546,1,0
19.489053,34,30350.320954,2,1
18.322843,11,30350.635716,2,1
-10.25,1,30350.75584,1,0
-1.039289,201,30354.69409,0,0
17.884185,24,30355.24569,2,1
-0.290492,201,30359.211618,0,0
19.048818,124,30361.665878,2,1
0.159613,201,30365.617293,0,0
-1.169242,201,30369.518764,0,0
-10.25,1,31335.362626,1,0
18.663744,35,31336.161579,2,1
1.313447,201,31340.06107,0,0
21.213426,116,31342.476921,2,1
17.576799,71,31343.919847,2,1
18.400012,64,31345.224411,2,1
17.814044,38,31346.063593,2,1
-10.25,1,31346.195554,1,0
19.24327,61,31347.447453,2,1
-0.20173,201,31351.35807,0,0
19.293496,81,31353.020369,2,1
-0.051838,201,31356.826362,0,0
17.315962,65,31358.193039,2,1
17.893851,33,31358.930332,2,1
19.425579,106,31361.060239,2,1
0.114285,201,31364.990921,0,0
18.305243,37,31365.78883,2,1
-0.057573,201,31369.706461,0,0
19.527439,87,31371.466831,2,1
-10.25,1,31371.591317,1,0
18.726262,13,31371.94855,2,1
20.683435,177,31375.376174,2,1
-0.19886,201,31379.31986,0,0
20.074363,65,31380.656089,2,1
18.316264,24,31381.218702,2,1
21.369044,114,31383.499202,2,1
-4.24074,201,31387.492746,0,0
19.756053,71,31388.937008,2,1
-1.707714,201,31392.89452,0,0
-33.070666,201,31396.82699,0,0
17.948825,11,31397.14866,2,1
18.119604,79,31398.764286,2,1
21.413814,148,31401.689809,2,1
18.029267,84,31403.444645,2,1
-0.240485,201,31407.300364,0,0
18.001648,18,31407.741896,2,1
19.358231,145,31410.644159,2,1
18.950131,49,31411.69647,2,1
-10.25,1,31411.8374,1,0
18.076545,10,31412.130006,2,1
18.80081,29,31412.807637,2,1
-1.394543,201,31416.752585,0,0
0.05859,201,31420.693877,0,0
0.19388,201,31424.661054,0,0
19.057826,27,31425.269146,2,1
18.772896,33,31426.019225,2,1
-10.523937,2,31426.166246,1,0
2.078286,201,31430.072912,0,0
-0.213823,201,31433.982903,0,0
-10.25,1,31434.200119,1,0
17.661359,52,31435.29993,2,1
18.907738,22,31435.847828,2,1
19.893663,40,31436.703835,2,1
21.223519,84,31438.414046,2,1
20.467421,95,31440.359972,2,1
18.934504,40,31441.2169,2,1
-0.303611,201,31445.175233,0,0
20.391625,89,31446.981721,2,1
18.215248,11,31447.300657,2,1
-12.241473,129,31449.916433,1,0
-42.253608,201,31453.842582,0,0
17.365337,99,31455.827095,2,1
-0.48272,201,31459.679384,0,0
18.686454,73,31461.187965,2,1
18.697651,16,31461.602183,2,1
19.160362,126,31464.103446,2,1
1.652151,201,31468.036342,0,0
18.370009,22,31468.545974,2,1
18.098176,23,31469.087507,2,1
-10.25,1,31469.215626,1,0
1.104688,201,31473.189162,0,0
0.023615,201,31477.139593,0,0
-0.100971,201,31481.117254,0,0
17.570571,15,31481.502774,2,1
19.03183,29,31482.178589,2,1
19.747337,111,31484.404803,2,1
20.757129,99,31486.379026,2,1
-27.003673,201,31490.328518,0,0
-0.480207,201,31494.219602,0,0
19.561973,33,31494.945346,2,1
18.630975,26,31495.56288,2,1
20.042924,139,31498.341568,2,1
19.288774,45,31499.300535,2,1
17.812097,67,31500.695896,2,1
17.285195,71,31502.142941,2,1
19.287151,40,31503.011596,2,1
17.546709,3,31503.184459,2,1
0.376268,201,31507.132784,0,0
18.436263,69,31508.536623,2,1
20.397991,135,31511.228662,2,1
18.233709,16,31511.63106,2,1
0.55336,201,31515.557842,0,0
-1.974494,201,31519.595451,0,0
19.153541,149,31522.54087,2,1
-16.112846,201,31526.517565,0,0
18.496091,62,31527.796234,2,1
18.329339,108,31529.944641,2,1
1.029546,201,31533.893074,0,0
19.257102,37,31534.682634,2,1
18.049705,41,31535.560942,2,1
19.468757,32,32505.244823,2,1
-0.393641,201,32509.206727,0,0
18.890191,90,32511.053306,2,1
-0.096839,201,32515.070776,0,0
19.089368,77,32516.607232,2,1
17.753595,30,32517.281265,2,1
-0.443586,201,32521.216057,0,0
-10.25,1,32521.345999,1,0
17.969832,105,32523.491367,2,1
0.719162,201,32527.402442,0,0
19.636486,54,32528.538534,2,1
21.210755,85,32530.261611,2,1
-32.375509,201,32534.222345,0,0
-0.15595,201,32538.116898,0,0
17.651441,151,32541.139135,2,1
-9.388506,98,32543.113764,1,0
2.252354,201,32547.041345,0,0
19.347021,35,32547.816291,2,1
19.083677,43,32548.737079,2,1
1.488993,201,32552.652869,0,0
17.752101,21,32553.161253,2,1
19.382604,93,32555.051434,2,1
18.956674,35,32555.824862,2,1
18.275656,43,32556.758324,2,1
0.628015,201,32560.666471,0,0
17.042233,12,32561.002486,2,1
1.968621,201,32564.971981,0,0
15.639911,103,32567.029127,2,1
17.424256,55,32568.194321,2,1
-0.907928,201,32572.140569,0,0
0.063473,201,32576.045474,0,0
-11.641373,91,32577.904232,1,0
-0.284033,201,32581.898762,0,0
20.682213,95,32583.82133,2,1
18.010246,65,32585.1427,2,1
19.612688,62,32586.447722,2,1
19.275136,34,32587.203887,2,1
19.174364,32,32587.908856,2,1
-4.492528,201,32591.868183,0,0
19.382418,42,32592.789897,2,1
-10.25,1,32592.919639,1,0
17.009168,25,32593.516561,2,1
-0.057589,201,32597.39992,0,0
19.54787,47,32598.399871,2,1
19.12068,65,32599.74211,2,1
-1.575997,201,32603.711483,0,0
1.870457,201,32607.648772,0,0
18.180656,18,32608.081749,2,1
19.326688,31,32608.787045,2,1
15.9169,66,32610.15483,2,1
18.658553,51,32611.247205,2,1
-10.25,1,32611.366629,1,0
18.347579,34,32612.133223,2,1
0.635115,201,32616.019362,0,0
19.509628,53,32617.138121,2,1
1.217255,201,32621.092052,0,0
-0.000708,201,32625.009256,0,0
18.386324,36,32625.78778,2,1
18.223238,184,32629.445443,2,1
19.995753,53,32630.55132,2,1
18.977328,39,32631.395098,2,1
17.664949,121,32633.801347,2,1
-4.970079,201,32637.707036,0,0
0.353572,201,32641.738859,0,0
18.91983,93,32643.63326,2,1
0.078572,201,32647.575444,0,0
17.98145,7,32647.814993,2,1
0.717912,201,32651.712674,0,0
-0.62357,201,32655.733248,0,0
18.665475,14,32656.097677,2,1
17.954973,15,32656.502816,2,1
0.071496,201,32660.412359,0,0
18.044051,33,32661.148721,2,1
19.625138,47,32662.261571,2,1
-10.25,1,32662.38279,1,0
19.72564,63,32663.701662,2,1
-0.381034,201,32667.624861,0,0
17.091065,14,32667.991467,2,1
18.67341,76,32669.57227,2,1
-10.25,1,32669.700779,1,0
-14.182346,201,32673.708537,0,0
17.656436,17,32674.131375,2,1
-2.055158,201,32678.057035,0,0
17.819748,17,32678.475917,2,1
18.888809,29,32679.142311,2,1
19.13331,34,32679.904917,2,1
-1.587091,201,32683.839746,0,0
3.161247,201,32687.764981,0,0
20.459222,68,32689.164434,2,1
-1.149945,201,32693.10305,0,0
18.394817,30,32693.768183,2,1
19.093604,158,32696.850921,2,1
18.08593,21,32697.342562,2,1
0.444004,201,32701.213489,0,0
19.306957,77,32702.754166,2,1
17.969933,51,32703.831716,2,1
18.872587,29,32704.487374,2,1
1.014582,201,32708.461926,0,0
17.85937,8,32708.717713,2,1
-6.754846,201,32712.630271,0,0
19.695373,94,33685.931443,2,1
-12.44145,154,33688.957961,1,0
-7.943713,201,33692.900026,0,0
-0.683009,201,33696.853578,0,0
18.940886,36,33697.640204,2,1
20.047125,119,33700.054535,2,1
20.776455,140,33702.851007,2,1
18.728043,20,33703.339539,2,1
0.068955,201,33707.231216,0,0
-0.028071,201,33711.280219,0,0
19.305042,36,33712.082495,2,1
0.179259,201,33715.992413,0,0
17.406695,40,33716.885931,2,1
-0.442704,201,33720.859249,0,0
-10.25,1,33720.977535,1,0
19.138977,77,33722.561518,2,1
18.24835,17,33722.994473,2,1
-0.086679,201,33726.878294,0,0
18.926483,34,33727.637038,2,1
18.61813,17,33728.069408,2,1
17.835363,120,33730.441065,2,1
0.456198,201,33734.349905,0,0
-1.854692,201,33738.327338,0,0
-10.25,1,33738.455182,1,0
0.761066,201,33742.409189,0,0
17.009023,70,33743.849985,2,1
-0.145689,201,33747.720964,0,0
19.336147,45,33748.702286,2,1
19.840682,78,33750.268613,2,1
21.190126,65,33751.604916,2,1
14.499945,73,33753.062436,2,1
19.690911,69,33754.486281,2,1
19.733147,49,33755.527573,2,1
18.941724,20,33756.016078,2,1
17.155926,3,33756.183859,2,1
19.574655,34,33756.933462,2,1
17.941135,81,33758.575226,2,1
0.917001,201,33762.488965,0,0
18.516321,20,33762.967727,2,1
18.909922,74,33764.482827,2,1
19.396993,71,33765.930423,2,1
20.573456,74,33767.450312,2,1
19.084988,29,33768.104887,2,1
-10.25,1,33768.249645,1,0
-0.073392,201,33772.235908,0,0
18.031751,90,33774.068096,2,1
16.305076,49,33775.103481,2,1
-10.25,1,33775.229777,1,0
20.101254,51,33776.299608,2,1
18.211308,14,33776.669809,2,1
17.003012,17,33777.102015,2,1
-0.061038,201,33781.043044,0,0
-0.171448,201,33785.016436,0,0
20.782997,63,33786.31989,2,1
-2.276364,201,33790.263177,0,0
-9.703329,78,33791.849058,1,0
0.088938,201,33795.820271,0,0
-0.873581,201,33799.803961,0,0
20.039139,76,33801.354589,2,1
18.62221,83,33803.039196,2,1
-3.399161,201,33806.992127,0,0
-0.520045,201,33810.908138,0,0
20.33548,123,33813.392182,2,1
19.381537,80,33815.04917,2,1
-0.288758,201,33819.027997,0,0
20.114922,53,33820.157464,2,1
18.496163,25,33820.727538,2,1
18.740084,21,33821.237347,2,1
17.940132,12,33821.57096,2,1
2.809759,201,33825.496198,0,0
17.473509,23,33826.047822,2,1
1.400631,201,33829.992227,0,0
20.444572,62,33831.280727,2,1
19.858945,47,33832.288244,2,1
-1.958468,201,33836.21367,0,0
-10.25,1,33836.344618,1,0
-2.322656,201,33840.308458,0,0
18.157542,54,33841.448963,2,1
20.135274,90,33843.271577,2,1
18.597682,59,33844.49455,2,1
18.127732,144,33847.416728,2,1
18.595614,103,33849.484457,2,1
0.359706,201,33853.406735,0,0
19.243331,86,33855.141591,2,1
5.2178,127,33857.648356,1,0
17.312755,60,33858.90591,2,1
17.24984,72,33860.365796,2,1
-0.478953,201,33864.285324,0,0
19.842348,134,33866.989042,2,1
18.969316,52,33868.062521,2,1
19.316908,110,33870.272044,2,1
17.759375,4,33870.447281,2,1
-0.478268,201,33874.473638,0,0
19.415815,125,33876.963335,2,1
21.519247,63,33878.29597,2,1
18.972182,27,33878.903715,2,1
18.213583,29,33879.553848,2,1
18.630748,24,33880.096112,2,1
19.185824,72,33881.575891,2,1
18.429897,13,33881.918619,2,1
17.306218,30,34852.588234,2,1
19.730937,64,34853.906119,2,1
18.134551,23,34854.452639,2,1
18.292754,52,34855.55388,2,1
1.99788,201,34859.497847,0,0
18.170626,23,34860.039383,2,1
0.288093,201,34863.953717,0,0
-2.828445,201,34867.870284,0,0
20.020439,64,34869.202233,2,1
-1.121195,201,34873.084544,0,0
0.743485,201,34877.058653,0,0
-0.668695,201,34881.030783,0,0
18.591635,51,34882.126072,2,1
18.611656,19,34882.595586,2,1
17.723595,71,34884.05984,2,1
16.826099,25,34884.626058,2,1
0.433865,201,34888.579564,0,0
-0.901497,201,34892.476392,0,0
18.2858,36,34893.297817,2,1
19.551792,23,34893.844198,2,1
18.652139,53,34894.962804,2,1
-0.185188,201,34898.941176,0,0
18.699962,79,34900.549736,2,1
19.487246,30,34901.241862,2,1
18.188505,20,34901.742362,2,1
19.533989,45,34902.696853,2,1
-10.25,1,34902.828699,1,0
18.048477,120,34905.189243,2,1
17.874444,14,34905.565815,2,1
17.653941,6,34905.77935,2,1
17.96675,69,34907.205485,2,1
19.53977,44,34908.151182,2,1
18.062316,20,34908.640681,2,1
0.109944,201,34912.680904,0,0
21.279697,61,34913.957383,2,1
17.567876,89,34915.746301,2,1
17.136629,31,34916.443148,2,1
-10.25,1,34916.565525,1,0
19.800508,64,34917.881245,2,1
17.317134,25,34918.48049,2,1
18.496438,127,34921.031586,2,1
19.316573,34,34921.797466,2,1
18.594465,92,34923.646425,2,1
17.93104,24,34924.205227,2,1
18.296621,37,34925.002237,2,1
20.224526,44,34925.924133,2,1
19.528047,48,34926.934831,2,1
-2.90294,201,34930.864717,0,0
19.919732,76,34932.431575,2,1
-0.693131,201,34936.342769,0,0
19.584231,28,34936.98177,2,1
20.1137,133,34939.598322,2,1
1.884863,201,34943.51952,0,0
19.031109,88,34945.315676,2,1
17.781395,37,34946.128544,2,1
-0.138423,201,34950.098699,0,0
19.034877,44,34951.058421,2,1
2.476617,201,34955.063599,0,0
18.224623,28,34955.69913,2,1
-0.362669,201,34959.603323,0,0
-10.25,1,34959.74274,1,0
-0.169975,201,34963.718646,0,0
17.468571,74,34965.249933,2,1
18.608947,87,34967.01419,2,1
0.499553,201,34970.972652,0,0
21.775238,94,34972.869557,2,1
-10.25,1,34972.994127,1,0
19.211371,81,34974.64671,2,1
19.111693,47,34975.633598,2,1
20.356321,43,34976.563956,2,1
19.627655,57,34977.828512,2,1
-0.267523,201,34981.77264,0,0
19.308857,33,34982.501646,2,1
18.914557,18,34982.93891,2,1
0.715699,201,34986.854901,0,0
18.77697,92,34988.72016,2,1
18.693535,44,34989.671643,2,1
17.665727,35,34990.426685,2,1
20.840863,125,34992.921633,2,1
-10.25,1,34993.045984,1,0
0.562202,201,34996.958444,0,0
-2.262215,201,35000.898154,0,0
18.124695,84,35002.610925,2,1
0.026721,201,35006.562753,0,0
0.382928,201,35010.502191,0,0
18.093324,48,35011.5245,2,1
19.342246,72,35012.991888,2,1
20.766578,85,35014.72155,2,1
-10.25,1,35014.854847,1,0
19.578981,41,35015.766536,2,1
17.99016,27,35016.387496,2,1
17.396625,71,35017.828406,2,1
18.033865,94,35019.742858,2,1
19.157897,56,35020.912064,2,1
-2.004868,201,35024.833757,0,0
19.957299,63,35026.153282,2,1
21.763701,91,35027.975301,2,1
0.944402,201,35031.91593,0,0
20.137716,94,35033.845092,2,1
-10.25,1,35033.971021,1,0
-1.986194,201,36059.066966,0,0
19.014389,63,36060.373486,2,1
18.555553,74,36061.894296,2,1
0.78419,201,36065.825465,0,0
18.091632,9,36066.099561,2,1
19.226103,32,36066.828356,2,1
18.574128,60,36068.070169,2,1
18.937957,39,36068.911072,2,1
18.612665,28,36069.549392,2,1
0.011077,201,36073.631399,0,0
19.129066,37,36074.455356,2,1
-0.094311,201,36078.337464,0,0
21.054279,89,36080.104323,2,1
17.887928,13,36080.465743,2,1
-0.665436,201,36084.399059,0,0
17.997765,15,36084.793549,2,1
20.429873,104,36086.880379,2,1
-10.25,1,36087.01086,1,0
18.650716,44,36087.960411,2,1
-10.25,1,36088.085304,1,0
21.329774,183,36091.716455,2,1
20.42838,54,36092.844989,2,1
-10.413302,65,36094.187019,1,0
18.275371,49,36095.227071,2,1
0.193647,201,36099.065828,0,0
18.772975,53,36100.155013,2,1
-10.25,1,36100.277649,1,0
19.452132,45,36101.243606,2,1
20.64085,114,36103.54809,2,1
18.075616,27,36104.170216,2,1
0.830031,201,36108.093347,0,0
18.933301,90,36109.910429,2,1
-11.873814,140,36112.710572,1,0
-10.25,1,36112.839879,1,0
19.421045,35,36113.612132,2,1
19.853159,145,36116.509887,2,1
-0.318981,201,36120.409853,0,0
-3.910447,201,36124.323574,0,0
18.120405,19,36124.794828,2,1
17.613067,152,36127.856161,2,1
18.541524,37,36128.673038,2,1
19.286502,33,36129.409953,2,1
0.956295,201,36133.369154,0,0
0.959474,201,36137.262562,0,0
-0.155664,201,36141.245484,0,0
18.290814,78,36142.862865,2,1
-3.417715,201,36146.733486,0,0
-10.25,1,36146.944783,1,0
0.00712,201,36150.861125,0,0
-0.882737,201,36154.795755,0,0
19.692089,72,36156.261594,2,1
20.045885,189,36159.941149,2,1
18.975903,30,36160.629323,2,1
21.040478,77,36162.197578,2,1
18.342348,56,36163.377913,2,1
18.897204,42,36164.269316,2,1
-0.866559,201,36168.173367,0,0
17.976399,48,36169.196754,2,1
18.928249,47,36170.209152,2,1
19.151067,63,36171.535586,2,1
18.888916,39,36172.375585,2,1
-10.25,1,36172.492359,1,0
-1.097429,201,36176.539768,0,0
-0.084358,201,36180.49018,0,0
18.634294,66,36181.853737,2,1
20.090637,96,36183.798053,2,1
18.550171,38,36184.615953,2,1
20.034476,77,36186.181513,2,1
18.846475,95,36188.084657,2,1
-0.073395,201,36192.01121,0,0
19.27928,180,36195.558213,2,1
20.671185,107,36197.693482,2,1
18.98015,22,36198.220664,2,1
18.091098,18,36198.659436,2,1
17.283492,101,36200.692108,2,1
21.102774,68,36202.11628,2,1
-10.25,1,36202.248643,1,0
-10.25,1,36202.379342,1,0
-0.120929,201,36206.298795,0,0
19.920822,47,36207.324342,2,1
18.303805,27,36207.96419,2,1
20.87674,87,36209.720853,2,1
17.874847,12,36210.056463,2,1
18.379712,57,36211.242465,2,1
17.038226,90,36213.051584,2,1
19.263984,56,36214.225801,2,1
-0.329642,201,36218.255794,0,0
-1.103352,201,36222.230082,0,0
-10.25,1,36222.353855,1,0
17.929242,16,36222.76634,2,1
20.555753,96,36224.69053,2,1
18.890971,25,36225.261163,2,1
17.807603,54,36226.412344,2,1
19.421662,54,36227.548359,2,1
0.596395,201,36231.523072,0,0
-0.206453,201,36235.442969,0,0
20.303235,74,36236.961277,2,1
18.626662,117,36239.30496,2,1
-10.474949,5,36239.515835,1,0
20.100072,141,36242.304718,2,1
